0	5.03563e-06	0	0	0	0
.100	5.03539e-06	0	0	0	0
.200	5.03467e-06	0	0	0	0
.300	5.03346e-06	0	0	0	0
.400	5.03178e-06	0	0	0	0
.500	5.02961e-06	0	0	0	0
.600	5.02696e-06	0	0	0	0
.700	5.02383e-06	0	0	0	0
.800	1.69057e-05	0.00118147	0.000118147	0	0
.900	1.3341e-05	0	0.000118147	0	0
1.000	1.74815e-05	0	0.000118147	0	0
1.100	1.68325e-05	0	0.000118147	0	0
1.200	1.71591e-05	0	0.000118147	0	0
1.300	1.74102e-05	0	0.000118147	0	0
1.400	1.70718e-05	0	0.000118147	0	0
1.500	2.49335e-05	0.00118147	0.000236295	0	0
1.600	2.44036e-05	0	0.000236295	0	0
1.700	2.46491e-05	0	0.000236295	0	0
1.800	2.60083e-05	0.00118147	0.000354442	0	0
1.900	1.88274e-05	0.00118147	0.00047259	0	0
2.000	3.63191e-05	0	0.00047259	0	0
2.100	3.75546e-05	0	0.00047259	0	0
2.200	3.56847e-05	0	0.00047259	0	0
2.300	3.63494e-05	0	0.00047259	0	0
2.400	3.55812e-05	0	0.00047259	0	0
2.500	3.67314e-05	0	0.00047259	0	0
2.600	3.60575e-05	0	0.00047259	0	0
2.700	3.72657e-05	0	0.00047259	0	0
2.800	3.75811e-05	0	0.00047259	0	0
2.900	3.74016e-05	0	0.00047259	0	0
3.000	3.81606e-05	0	0.00047259	0	0
3.100	4.84587e-05	0.00118147	0.000590737	0.000118147	0.000118147
3.200	4.23394e-05	0	0.000590737	0	0.000118147
3.300	5.45925e-05	0.00118147	0.000708885	0.000118147	0.000236295
3.400	5.17056e-05	0	0.000708885	0	0.000236295
3.500	5.59944e-05	0	0.000708885	0	0.000236295
3.600	5.28531e-05	0	0.000708885	0	0.000236295
3.700	5.07377e-05	0	0.000708885	0	0.000236295
3.800	7.51688e-05	0.00236295	0.00094518	0.000118147	0.000354442
3.900	7.5905e-05	0	0.00094518	0	0.000354442
4.000	7.01771e-05	0.00118147	0.00106333	0	0.000354442
4.100	7.63865e-05	0	0.00106333	0	0.000354442
4.200	7.72808e-05	0	0.00106333	0	0.000354442
4.300	9.49295e-05	0.00118147	0.00118147	0	0.000354442
4.400	9.93703e-05	0.00118147	0.00129962	0	0.000354442
4.500	0.000111554	0.00118147	0.00141777	0.000118147	0.00047259
4.600	0.00012565	0.00118147	0.00153592	0.000118147	0.000590737
4.700	0.000124865	0	0.00153592	0	0.000590737
4.800	0.000124752	0.00118147	0.00165406	0.000118147	0.000708885
4.900	0.000123523	0.00118147	0.00177221	0.000118147	0.000827032
5.000	0.000149586	0.00236295	0.00200851	0.000118147	0.00094518
5.100	0.000140871	0	0.00200851	0	0.00094518
5.200	0.000146773	0.00236295	0.0022448	0.000236295	0.00118147
5.300	0.000146569	0.00236295	0.0024811	0.000118147	0.00129962
5.400	0.000138714	0.00118147	0.00259924	0.000118147	0.00141777
5.500	0.000131922	0	0.00259924	0	0.00141777
5.600	0.000145352	0.00236295	0.00283554	0.000236295	0.00165406
5.700	0.000148536	0.00118147	0.00295369	0.000118147	0.00177221
5.800	0.000165691	0.00118147	0.00307183	0	0.00177221
5.900	0.000164244	0.00236295	0.00330813	0.000118147	0.00189036
6.000	0.000161918	0	0.00330813	0	0.00189036
6.100	0.000169339	0.00118147	0.00342628	0.000118147	0.00200851
6.200	0.000167582	0	0.00342628	0	0.00200851
6.300	0.000191341	0.00354442	0.00378072	0.000118147	0.00212665
6.400	0.000212908	0.00118147	0.00389887	0.000118147	0.0022448
6.500	0.00023071	0.00118147	0.00401701	0.000118147	0.00236295
6.600	0.000224647	0	0.00401701	0	0.00236295
6.700	0.000226813	0.00118147	0.00413516	0	0.00236295
6.800	0.000226752	0.00236295	0.00437146	0	0.00236295
6.900	0.00022672	0.00118147	0.0044896	0.000118147	0.0024811
7.000	0.000225275	0.00118147	0.00460775	0.000118147	0.00259924
7.100	0.000242933	0.00118147	0.0047259	0.000118147	0.00271739
7.200	0.000247521	0.00236295	0.00496219	0.000118147	0.00283554
7.300	0.000253825	0.00354442	0.00531664	0.000354442	0.00318998
7.400	0.000307291	0.00590737	0.00590737	0.00047259	0.00366257
7.500	0.00032993	0.00236295	0.00614367	0.000118147	0.00378072
7.600	0.000349103	0.00118147	0.00626181	0.000118147	0.00389887
7.700	0.000350569	0.00354442	0.00661626	0.000354442	0.00425331
7.800	0.000327013	0.00236295	0.00685255	0.000236295	0.0044896
7.900	0.000348258	0.00236295	0.00708885	0.000118147	0.00460775
8.000	0.000346022	0.00118147	0.00720699	0	0.00460775
8.100	0.000342347	0.0047259	0.00767958	0.000354442	0.00496219
8.200	0.000353517	0.00118147	0.00779773	0.000118147	0.00508034
8.300	0.000351024	0.00118147	0.00791588	0.000118147	0.00519849
8.400	0.000364913	0.00354442	0.00827032	0.000354442	0.00555293
8.500	0.000358239	0	0.00827032	0	0.00555293
8.600	0.000361378	0.00236295	0.00850662	0.000236295	0.00578922
8.700	0.000368941	0.00236295	0.00874291	0.000118147	0.00590737
8.800	0.000362068	0.00118147	0.00886106	0.000118147	0.00602552
8.900	0.000362888	0.0047259	0.00933365	0.000354442	0.00637996
9.000	0.000391046	0.00590737	0.00992439	0.00047259	0.00685255
9.100	0.000398811	0.0047259	0.010397	0.00047259	0.00732514
9.200	0.000413511	0.0047259	0.0108696	0.000354442	0.00767958
9.300	0.000416124	0.00354442	0.011224	0.000236295	0.00791588
9.400	0.000450848	0.00236295	0.0114603	0.000236295	0.00815217
9.500	0.000474047	0.00590737	0.012051	0.00047259	0.00862476
9.600	0.000534699	0.00708885	0.0127599	0.000708885	0.00933365
9.700	0.000530233	0.00118147	0.0128781	0.000118147	0.0094518
9.800	0.000522538	0.00236295	0.0131144	0.000236295	0.00968809
9.900	0.000542418	0.00236295	0.0133507	0.000118147	0.00980624
10.000	0.000562566	0.00354442	0.0137051	0.000236295	0.0100425
10.100	0.000567596	0.00354442	0.0140595	0.000354442	0.010397
10.200	0.000584034	0.00354442	0.014414	0.000354442	0.0107514
10.300	0.0006641	0.0106333	0.0154773	0.000708885	0.0114603
10.400	0.000673856	0.00118147	0.0155955	0.000118147	0.0115784
10.500	0.000694268	0.00354442	0.0159499	0.000354442	0.0119329
10.600	0.00070904	0.00236295	0.0161862	0.000118147	0.012051
10.700	0.00072284	0.00354442	0.0165406	0.000236295	0.0122873
10.800	0.000699718	0.00236295	0.0167769	0.000236295	0.0125236
10.900	0.000725833	0.00590737	0.0173677	0.00047259	0.0129962
11.000	0.00085907	0.0129962	0.0186673	0.000827032	0.0138233
11.100	0.000873127	0.00590737	0.019258	0.00047259	0.0142958
11.200	0.000890773	0.0047259	0.0197306	0.000354442	0.0146503
11.300	0.00092033	0.00708885	0.0204395	0.000590737	0.015241
11.400	0.00103063	0.0165406	0.0220936	0.00129962	0.0165406
11.500	0.00105581	0.00708885	0.0228025	0.000708885	0.0172495
11.600	0.00109385	0.0094518	0.0237476	0.000827032	0.0180766
11.700	0.00116142	0.0094518	0.0246928	0.000708885	0.0187854
11.800	0.00122516	0.0129962	0.0259924	0.00106333	0.0198488
11.900	0.00123212	0.0106333	0.0270558	0.00094518	0.020794
12.000	0.00127403	0.00590737	0.0276465	0.00047259	0.0212665
12.100	0.00136847	0.00827032	0.0284735	0.000708885	0.0219754
12.200	0.00145888	0.0129962	0.0297732	0.00129962	0.023275
12.300	0.00152074	0.0106333	0.0308365	0.00106333	0.0243384
12.400	0.00155585	0.0118147	0.032018	0.00094518	0.0252836
12.500	0.00161314	0.0153592	0.0335539	0.00141777	0.0267013
12.600	0.00164359	0.0177221	0.0353261	0.00129962	0.0280009
12.700	0.00169679	0.0153592	0.036862	0.00153592	0.0295369
12.800	0.00171457	0.0094518	0.0378072	0.000590737	0.0301276
12.900	0.00174551	0.0106333	0.0388705	0.000590737	0.0307183
13.000	0.00174337	0.00590737	0.0394612	0.00047259	0.0311909
13.100	0.00181953	0.0165406	0.0411153	0.00165406	0.032845
13.200	0.00184626	0.0118147	0.0422968	0.000708885	0.0335539
13.300	0.00190874	0.0177221	0.044069	0.00141777	0.0349716
13.400	0.00194857	0.0118147	0.0452505	0.000708885	0.0356805
13.500	0.00201547	0.0177221	0.0470227	0.00129962	0.0369802
13.600	0.00218131	0.0189036	0.048913	0.00165406	0.0386342
13.700	0.00217498	0.0165406	0.0505671	0.00118147	0.0398157
13.800	0.00217867	0.0129962	0.0518667	0.00094518	0.0407609
13.900	0.00230063	0.0153592	0.0534026	0.00094518	0.041706
14.000	0.00233814	0.0129962	0.0547023	0.000708885	0.0424149
14.100	0.0023979	0.0236295	0.0570652	0.00189036	0.0443053
14.200	0.00253651	0.0212665	0.0591919	0.00141777	0.0457231
14.300	0.00261045	0.0141777	0.0606096	0.00118147	0.0469045
14.400	0.00267179	0.0189036	0.0625	0.00141777	0.0483223
14.500	0.00279364	0.0259924	0.0650992	0.00177221	0.0500945
14.600	0.00305911	0.0389887	0.0689981	0.00236295	0.0524575
14.700	0.00301079	0.0106333	0.0700614	0.000827032	0.0532845
14.800	0.00316562	0.0259924	0.0726607	0.00200851	0.055293
14.900	0.00325247	0.0177221	0.0744329	0.00129962	0.0565926
15.000	0.00349122	0.0378072	0.0782136	0.00307183	0.0596645
15.100	0.00352772	0.022448	0.0804584	0.00200851	0.061673
15.200	0.00366037	0.0307183	0.0835302	0.00212665	0.0637996
15.300	0.00380012	0.0307183	0.0866021	0.0022448	0.0660444
15.400	0.00389454	0.0236295	0.088965	0.00189036	0.0679348
15.500	0.00407911	0.0413516	0.0931002	0.00259924	0.070534
15.600	0.00414151	0.0271739	0.0958176	0.0022448	0.0727788
15.700	0.00428188	0.0354442	0.099362	0.00271739	0.0754962
15.800	0.00444554	0.0401701	0.103379	0.00094518	0.0764414
15.900	0.00442865	0.0318998	0.106569	0.00189036	0.0783318
16.000	0.00440548	0.0177221	0.108341	0.00129962	0.0796314
16.100	0.00448415	0.0342628	0.111767	0.0022448	0.0818762
16.200	0.00459642	0.0342628	0.115194	0.00283554	0.0847117
16.300	0.00482124	0.0389887	0.119093	0.00212665	0.0868384
16.400	0.00508884	0.0378072	0.122873	0.00236295	0.0892013
16.500	0.00526898	0.0366257	0.126536	0.00200851	0.0912098
16.600	0.00537511	0.0389887	0.130435	0.00129962	0.0925095
16.700	0.00553276	0.044896	0.134924	0.0022448	0.0947543
16.800	0.00574778	0.044896	0.139414	0.00212665	0.0968809
16.900	0.00593647	0.0413516	0.143549	0.00118147	0.0980624
17.000	0.00607807	0.0401701	0.147566	0.0022448	0.100307
17.100	0.00638076	0.0590737	0.153474	0.00153592	0.101843
17.200	0.00638161	0.022448	0.155718	0.000827032	0.10267
17.300	0.00652331	0.0378072	0.159499	0.00141777	0.104088
17.400	0.00659386	0.0413516	0.163634	0.0022448	0.106333
17.500	0.00668574	0.0413516	0.167769	0.00212665	0.108459
17.600	0.0069013	0.0401701	0.171786	0.00200851	0.110468
17.700	0.00708555	0.0437146	0.176158	0.00165406	0.112122
17.800	0.00739163	0.0484405	0.181002	0.000827032	0.112949
17.900	0.00742295	0.0378072	0.184783	0.00118147	0.11413
18.000	0.00766293	0.0590737	0.19069	0.00295369	0.117084
18.100	0.0078564	0.0437146	0.195061	0.000827032	0.117911
18.200	0.00793102	0.0437146	0.199433	0.00165406	0.119565
18.300	0.00813642	0.0496219	0.204395	0.00200851	0.121574
18.400	0.00848488	0.067344	0.211129	0.00129962	0.122873
18.500	0.00868281	0.0531664	0.216446	0.00118147	0.124055
18.600	0.0088391	0.0531664	0.221763	0.00118147	0.125236
18.700	0.00917157	0.0637996	0.228143	0.0022448	0.127481
18.800	0.00935579	0.0531664	0.233459	-0.00047259	0.127009
18.900	0.00951528	0.0767958	0.241139	0.00200851	0.129017
19.000	0.0095908	0.0531664	0.246456	0.000118147	0.129135
19.100	0.00975892	0.0685255	0.253308	0.000590737	0.129726
19.200	0.00995135	0.0578922	0.259097	0.00129962	0.131026
19.300	0.0100922	0.0543478	0.264532	0.000827032	0.131853
19.400	0.0103193	0.0661626	0.271148	0.000590737	0.132443
19.500	0.0105353	0.0685255	0.278001	0.00106333	0.133507
19.600	0.0108228	0.0744329	0.285444	0.000827032	0.134334
19.700	0.0109772	0.0637996	0.291824	0.00153592	0.13587
19.800	0.0111568	0.0649811	0.298322	0.000236295	0.136106
19.900	0.0114407	0.0756144	0.305884	0.00106333	0.137169
20.000	0.0117436	0.0827032	0.314154	0.00141777	0.138587
20.100	0.0120527	0.0744329	0.321597	0.000118147	0.138705
20.200	0.0122463	0.0661626	0.328214	0.00106333	0.139768
20.300	0.012454	0.0756144	0.335775	-0.000236295	0.139532
20.400	0.0125167	0.0732514	0.3431	0.000708885	0.140241
20.500	0.012844	0.069707	0.350071	-0.000354442	0.139887
20.600	0.0130311	0.0756144	0.357632	-0.00047259	0.139414
20.700	0.0132036	0.069707	0.364603	0.00094518	0.140359
20.800	0.0134748	0.0649811	0.371101	0.000118147	0.140477
20.900	0.0137397	0.0756144	0.378663	-0.000590737	0.139887
21.000	0.0139555	0.0803403	0.386697	-0.000827032	0.13906
21.100	0.0141701	0.0838847	0.395085	-0.000354442	0.138705
21.200	0.0142778	0.0649811	0.401583	-0.00094518	0.13776
21.300	0.0144581	0.0720699	0.40879	-0.00129962	0.13646
21.400	0.0146148	0.0862476	0.417415	-0.000236295	0.136224
21.500	0.0146052	0.0602552	0.42344	-0.00200851	0.134216
21.600	0.0147571	0.0850662	0.431947	-0.00177221	0.132443
21.700	0.0149681	0.0980624	0.441753	-0.00118147	0.131262
21.800	0.0150957	0.0838847	0.450142	-0.000708885	0.130553
21.900	0.0153317	0.0815217	0.458294	0.000236295	0.130789
22.000	0.015422	0.0779773	0.466092	-0.00200851	0.128781
22.100	0.0156566	0.0779773	0.473889	-0.00094518	0.127836
22.200	0.0157451	0.0779773	0.481687	-0.00106333	0.126772
22.300	0.0160967	0.0791588	0.489603	-0.000827032	0.125945
22.400	0.0163905	0.0827032	0.497873	-0.00200851	0.123937
22.500	0.0164873	0.0779773	0.505671	-0.00141777	0.122519
22.600	0.0165946	0.067344	0.512405	-0.00177221	0.120747
22.700	0.0166266	0.067344	0.51914	-0.00212665	0.11862
22.800	0.0166555	0.0791588	0.527056	-0.00153592	0.117084
22.900	0.0167798	0.0626181	0.533318	-0.00153592	0.115548
23.000	0.0168442	0.0578922	0.539107	-0.00094518	0.114603
23.100	0.0169418	0.0756144	0.546668	-0.00106333	0.11354
23.200	0.0171879	0.0578922	0.552457	-0.00271739	0.110822
23.300	0.0173071	0.0602552	0.558483	-0.0022448	0.108578
23.400	0.0175471	0.0815217	0.566635	-0.00200851	0.106569
23.500	0.0176292	0.0720699	0.573842	-0.00141777	0.105151
23.600	0.0178291	0.0720699	0.581049	-0.00165406	0.103497
23.700	0.0178415	0.0637996	0.587429	-0.00153592	0.101961
23.800	0.0178921	0.069707	0.5944	-0.0024811	0.0994802
23.900	0.0180096	0.0626181	0.600662	-0.00271739	0.0967628
24.000	0.0179377	0.0567108	0.606333	-0.00177221	0.0949905
24.100	0.0179354	0.0602552	0.612358	-0.00189036	0.0931002
24.200	0.0180656	0.067344	0.619093	-0.00236295	0.0907372
24.300	0.0180713	0.0543478	0.624527	-0.00153592	0.0892013
24.400	0.0180544	0.0614367	0.630671	-0.00189036	0.087311
24.500	0.0181173	0.0614367	0.636815	-0.00236295	0.084948
24.600	0.018162	0.067344	0.643549	-0.00342628	0.0815217
24.700	0.0182612	0.0567108	0.64922	-0.00153592	0.0799858
24.800	0.018188	0.0744329	0.656664	-0.00212665	0.0778592
24.900	0.0183588	0.0637996	0.663043	-0.0022448	0.0756144
25.000	0.0183981	0.0614367	0.669187	-0.00177221	0.0738422
25.100	0.018354	0.0637996	0.675567	-0.000827032	0.0730151
25.200	0.0184109	0.0578922	0.681356	-0.0024811	0.070534
25.300	0.0184445	0.0637996	0.687736	-0.00200851	0.0685255
25.400	0.0185712	0.067344	0.694471	-0.00153592	0.0669896
25.500	0.0185901	0.0732514	0.701796	-0.00212665	0.0648629
25.600	0.0188235	0.0708885	0.708885	-0.00259924	0.0622637
25.700	0.0187399	0.0484405	0.713729	-0.00094518	0.0613185
25.800	0.0186173	0.044896	0.718218	-0.000708885	0.0606096
25.900	0.0186207	0.0590737	0.724126	-0.00189036	0.0587193
26.000	0.0186822	0.0460775	0.728733	-0.00129962	0.0574197
26.100	0.0187583	0.0685255	0.735586	-0.00165406	0.0557656
26.200	0.0186657	0.0366257	0.739249	-0.00129962	0.054466
26.300	0.0186596	0.0413516	0.743384	-0.00153592	0.0529301
26.400	0.0185427	0.0437146	0.747755	-0.00094518	0.0519849
26.500	0.0185164	0.0496219	0.752717	-0.00129962	0.0506853
26.600	0.0184401	0.0354442	0.756262	-0.00129962	0.0493856
26.700	0.0184053	0.0437146	0.760633	-0.00106333	0.0483223
26.800	0.0184564	0.0460775	0.765241	-0.000354442	0.0479679
26.900	0.0183497	0.0401701	0.769258	-0.000590737	0.0473771
27.000	0.0183795	0.047259	0.773984	-0.00141777	0.0459594
27.100	0.0184161	0.0508034	0.779064	-0.00106333	0.044896
27.200	0.0182808	0.0389887	0.782963	-0.00106333	0.0438327
27.300	0.018329	0.0508034	0.788043	-0.00094518	0.0428875
27.400	0.0183033	0.0401701	0.79206	-0.00129962	0.0415879
27.500	0.0182656	0.0366257	0.795723	-0.00094518	0.0406427
27.600	0.0182508	0.0425331	0.799976	-0.00165406	0.0389887
27.700	0.0181858	0.0401701	0.803993	-0.00118147	0.0378072
27.800	0.0181225	0.0437146	0.808365	-0.00106333	0.0367439
27.900	0.0180052	0.0460775	0.812973	-0.00118147	0.0355624
28.000	0.017892	0.024811	0.815454	-0.00106333	0.0344991
28.100	0.0178553	0.0366257	0.819116	-0.00094518	0.0335539
28.200	0.0177727	0.0425331	0.82337	-0.00177221	0.0317817
28.300	0.0177277	0.0366257	0.827032	-0.00106333	0.0307183
28.400	0.0177222	0.0413516	0.831167	-0.00094518	0.0297732
28.500	0.0176008	0.0330813	0.834475	-0.000827032	0.0289461
28.600	0.017416	0.0271739	0.837193	-0.000590737	0.0283554
28.700	0.0173008	0.0307183	0.840265	-0.000590737	0.0277647
28.800	0.0171383	0.0200851	0.842273	-0.000708885	0.0270558
28.900	0.01711	0.0318998	0.845463	-0.00106333	0.0259924
29.000	0.0170494	0.0389887	0.849362	-0.00106333	0.0249291
29.100	0.0169025	0.0354442	0.852906	-0.000354442	0.0245747
29.200	0.0167434	0.0153592	0.854442	0	0.0245747
29.300	0.0166462	0.024811	0.856923	-0.000708885	0.0238658
29.400	0.0165691	0.0318998	0.860113	-0.00047259	0.0233932
29.500	0.0164755	0.0165406	0.861767	-0.00047259	0.0229206
29.600	0.0164028	0.0271739	0.864485	-0.000708885	0.0222117
29.700	0.0164002	0.0425331	0.868738	-0.00118147	0.0210302
29.800	0.0163295	0.0378072	0.872519	-0.000708885	0.0203214
29.900	0.0163147	0.0271739	0.875236	-0.000827032	0.0194943
30.000	0.0162551	0.0259924	0.877836	-0.000118147	0.0193762
30.100	0.0161742	0.0259924	0.880435	-0.000354442	0.0190217
30.200	0.0162791	0.0271739	0.883152	-0.00047259	0.0185491
30.300	0.0161568	0.0318998	0.886342	-0.00047259	0.0180766
30.400	0.0160342	0.0153592	0.887878	-0.000354442	0.0177221
30.500	0.0159879	0.0212665	0.890005	-0.000354442	0.0173677
30.600	0.0160022	0.0236295	0.892368	-0.00094518	0.0164225
30.700	0.0159069	0.022448	0.894612	-0.000827032	0.0155955
30.800	0.0157658	0.0129962	0.895912	-0.000590737	0.0150047
30.900	0.0157658	0.0212665	0.898039	-0.00047259	0.0145321
31.000	0.0156456	0.0141777	0.899457	-0.000236295	0.0142958
31.100	0.0155954	0.0189036	0.901347	-0.000708885	0.013587
31.200	0.0155182	0.0106333	0.90241	-0.000354442	0.0132325
31.300	0.0154751	0.0189036	0.904301	-0.000354442	0.0128781
31.400	0.0152984	0.0177221	0.906073	-0.000827032	0.012051
31.500	0.0152781	0.0153592	0.907609	-0.000118147	0.0119329
31.600	0.0153016	0.0259924	0.910208	-0.000590737	0.0113422
31.700	0.015215	0.0271739	0.912925	-0.000236295	0.0111059
31.800	0.0151235	0.0212665	0.915052	-0.000827032	0.0102788
31.900	0.0150266	0.0129962	0.916352	-0.000118147	0.0101607
32.000	0.0150066	0.022448	0.918596	-0.00094518	0.0092155
32.100	0.0149798	0.0177221	0.920369	-0.000236295	0.00897921
32.200	0.0148867	0.0236295	0.922732	-0.000354442	0.00862476
32.300	0.0149176	0.0177221	0.924504	-0.000236295	0.00838847
32.400	0.0148207	0.0094518	0.925449	-0.000236295	0.00815217
32.500	0.0147458	0.0200851	0.927457	0	0.00815217
32.600	0.0146752	0.0106333	0.928521	-0.000354442	0.00779773
32.700	0.0146404	0.0106333	0.929584	-0.000354442	0.00744329
32.800	0.0144669	0.0153592	0.93112	-0.000118147	0.00732514
32.900	0.014408	0.0129962	0.93242	-0.000354442	0.0069707
33.000	0.0142797	0.0129962	0.933719	-0.000118147	0.00685255
33.100	0.0142493	0.0141777	0.935137	-0.000118147	0.0067344
33.200	0.0141927	0.0106333	0.9362	0	0.0067344
33.300	0.0140816	0.0106333	0.937264	-0.000118147	0.00661626
33.400	0.0139489	0.0129962	0.938563	-0.000118147	0.00649811
33.500	0.0138776	0.0129962	0.939863	-0.000118147	0.00637996
33.600	0.0137743	0.0129962	0.941163	0	0.00637996
33.700	0.0136706	0.0129962	0.942462	-0.000236295	0.00614367
33.800	0.0136112	0.0094518	0.943407	-0.000118147	0.00602552
33.900	0.0135608	0.0118147	0.944589	-0.000236295	0.00578922
34.000	0.0134549	0.00590737	0.94518	0	0.00578922
34.100	0.0133301	0.0047259	0.945652	0	0.00578922
34.200	0.0132269	0.00590737	0.946243	0	0.00578922
34.300	0.0132286	0.00827032	0.94707	-0.000236295	0.00555293
34.400	0.0131458	0.0118147	0.948251	-0.000118147	0.00543478
34.500	0.0130947	0.0118147	0.949433	-0.000236295	0.00519849
34.600	0.0129601	0.0106333	0.950496	-0.000236295	0.00496219
34.700	0.0128191	0.00827032	0.951323	-0.000236295	0.0047259
34.800	0.012739	0.0106333	0.952387	-0.000118147	0.00460775
34.900	0.0126711	0.0047259	0.952859	-0.000118147	0.0044896
35.000	0.0125393	0.00590737	0.95345	0	0.0044896
35.100	0.0125333	0.0165406	0.955104	-0.000236295	0.00425331
35.200	0.012478	0.0106333	0.956167	-0.000118147	0.00413516
35.300	0.0123578	0.0094518	0.957112	0	0.00413516
35.400	0.0123335	0.0118147	0.958294	-0.000118147	0.00401701
35.500	0.0122687	0.0106333	0.959357	-0.000236295	0.00378072
35.600	0.0122151	0.0106333	0.960421	-0.000118147	0.00366257
35.700	0.0121402	0.00354442	0.960775	0	0.00366257
35.800	0.0120981	0.0106333	0.961838	-0.000236295	0.00342628
35.900	0.0120069	0.00354442	0.962193	0	0.00342628
36.000	0.011938	0.00590737	0.962784	0	0.00342628
36.100	0.0118683	0.00827032	0.963611	-0.000118147	0.00330813
36.200	0.0118152	0.0047259	0.964083	-0.000236295	0.00307183
36.300	0.0117285	0.00236295	0.964319	0	0.00307183
36.400	0.0116663	0.00354442	0.964674	0	0.00307183
36.500	0.0115486	0.00236295	0.96491	0	0.00307183
36.600	0.0114628	0.00590737	0.965501	-0.000118147	0.00295369
36.700	0.0114075	0.00354442	0.965855	0	0.00295369
36.800	0.0113078	0.00354442	0.96621	-0.000118147	0.00283554
36.900	0.0112029	0.00118147	0.966328	0	0.00283554
37.000	0.0111605	0.00236295	0.966564	-0.000118147	0.00271739
37.100	0.0110635	0.00236295	0.966801	0	0.00271739
37.200	0.0109904	0.00354442	0.967155	-0.000118147	0.00259924
37.300	0.0109117	0.00118147	0.967273	0	0.00259924
37.400	0.0108638	0.00708885	0.967982	0	0.00259924
37.500	0.0107983	0.00590737	0.968573	0	0.00259924
37.600	0.010737	0.00236295	0.968809	0	0.00259924
37.700	0.0107084	0.00827032	0.969636	-0.000118147	0.0024811
37.800	0.0106408	0.0047259	0.970109	0	0.0024811
37.900	0.0106205	0.00590737	0.970699	-0.000236295	0.0022448
38.000	0.0105307	0.0047259	0.971172	0	0.0022448
38.100	0.0105085	0.0106333	0.972235	0	0.0022448
38.200	0.0104488	0	0.972235	0	0.0022448
38.300	0.0103787	0.00354442	0.97259	-0.000118147	0.00212665
38.400	0.0103589	0.00590737	0.973181	0	0.00212665
38.500	0.010307	0.00590737	0.973771	-0.000118147	0.00200851
38.600	0.010279	0.0047259	0.974244	-0.000118147	0.00189036
38.700	0.010227	0.00236295	0.97448	-0.000118147	0.00177221
38.800	0.0101426	0.00708885	0.975189	0	0.00177221
38.900	0.010081	0	0.975189	0	0.00177221
39.000	0.0100573	0.00708885	0.975898	-0.000118147	0.00165406
39.100	0.00998816	0	0.975898	0	0.00165406
39.200	0.00997675	0.00708885	0.976607	0	0.00165406
39.300	0.00996772	0.00354442	0.976961	-0.000118147	0.00153592
39.400	0.00989514	0	0.976961	0	0.00153592
39.500	0.00980724	0.00354442	0.977316	0	0.00153592
39.600	0.00975877	0.00236295	0.977552	0	0.00153592
39.700	0.00973259	0.00236295	0.977788	0	0.00153592
39.800	0.0096935	0.00590737	0.978379	-0.000118147	0.00141777
39.900	0.0096221	0.00118147	0.978497	0	0.00141777
40.000	0.00954436	0.00590737	0.979088	-0.000118147	0.00129962
40.100	0.00944935	0.00118147	0.979206	0	0.00129962
40.200	0.00943045	0.0047259	0.979679	0	0.00129962
40.300	0.0093907	0.00118147	0.979797	0	0.00129962
40.400	0.00931292	0.00118147	0.979915	0	0.00129962
40.500	0.00926583	0.00354442	0.980269	0	0.00129962
40.600	0.00920185	0.00236295	0.980506	0	0.00129962
40.700	0.00915838	0.00118147	0.980624	0	0.00129962
40.800	0.00910243	0.00354442	0.980978	-0.000118147	0.00118147
40.900	0.00902187	0.00118147	0.981096	0	0.00118147
41.000	0.00899027	0.00118147	0.981215	0	0.00118147
41.100	0.00894534	0.00354442	0.981569	-0.000118147	0.00106333
41.200	0.00890034	0.00236295	0.981805	-0.000118147	0.00094518
41.300	0.00884642	0.00236295	0.982042	0	0.00094518
41.400	0.00880922	0.00236295	0.982278	0	0.00094518
41.500	0.00876659	0.00236295	0.982514	0	0.00094518
41.600	0.00868911	0	0.982514	0	0.00094518
41.700	0.0086379	0.00236295	0.98275	0	0.00094518
41.800	0.00857285	0.00118147	0.982869	0	0.00094518
41.900	0.00854127	0.00236295	0.983105	0	0.00094518
42.000	0.00851006	0.00118147	0.983223	-0.000118147	0.000827032
42.100	0.00846101	0.00354442	0.983578	0	0.000827032
42.200	0.00842068	0.00354442	0.983932	0	0.000827032
42.300	0.00834922	0.0047259	0.984405	-0.000118147	0.000708885
42.400	0.00834249	0.00236295	0.984641	0	0.000708885
42.500	0.00827733	0.00354442	0.984995	0	0.000708885
42.600	0.0082237	0.00118147	0.985113	0	0.000708885
42.700	0.00817711	0.00354442	0.985468	0	0.000708885
42.800	0.00811518	0.00118147	0.985586	-0.000118147	0.000590737
42.900	0.00810843	0.00118147	0.985704	0	0.000590737
43.000	0.00806595	0.00236295	0.98594	0	0.000590737
43.100	0.00800124	0.00118147	0.986059	0	0.000590737
43.200	0.00797899	0.00236295	0.986295	0	0.000590737
43.300	0.00792753	0.00590737	0.986886	-0.000118147	0.00047259
43.400	0.00789941	0.00118147	0.987004	0	0.00047259
43.500	0.00786202	0.00354442	0.987358	0	0.00047259
43.600	0.00782055	0.00236295	0.987595	0	0.00047259
43.700	0.00775007	0	0.987595	0	0.00047259
43.800	0.00772975	0.00118147	0.987713	0	0.00047259
43.900	0.00767578	0.00118147	0.987831	0	0.00047259
44.000	0.00763315	0.00354442	0.988185	-0.000118147	0.000354442
44.100	0.00758653	0.00118147	0.988303	0	0.000354442
44.200	0.00756168	0.00236295	0.98854	0	0.000354442
44.300	0.00753068	0.00236295	0.988776	0	0.000354442
44.400	0.00748595	0.00118147	0.988894	0	0.000354442
44.500	0.00744198	0.00118147	0.989012	0	0.000354442
44.600	0.00740407	0	0.989012	0	0.000354442
44.700	0.00737334	0	0.989012	0	0.000354442
44.800	0.00732384	0.00118147	0.98913	0	0.000354442
44.900	0.00727975	0.00236295	0.989367	0	0.000354442
45.000	0.00723614	0.00118147	0.989485	0	0.000354442
45.100	0.00719704	0.00354442	0.989839	0	0.000354442
45.200	0.00716702	0.00118147	0.989957	0	0.000354442
45.300	0.00713175	0.00236295	0.990194	0	0.000354442
45.400	0.00707549	0	0.990194	0	0.000354442
45.500	0.00705377	0.00118147	0.990312	0	0.000354442
45.600	0.0069936	0.00118147	0.99043	0	0.000354442
45.700	0.00697596	0.00118147	0.990548	0	0.000354442
45.800	0.00690857	0	0.990548	0	0.000354442
45.900	0.00689293	0.00118147	0.990666	0	0.000354442
46.000	0.00685764	0.00118147	0.990784	0	0.000354442
46.100	0.00681417	0	0.990784	0	0.000354442
46.200	0.00676854	0	0.990784	0	0.000354442
46.300	0.00675346	0.00118147	0.990903	0	0.000354442
46.400	0.00670116	0.00118147	0.991021	0	0.000354442
46.500	0.00665266	0	0.991021	0	0.000354442
46.600	0.00661983	0	0.991021	0	0.000354442
46.700	0.00658426	0	0.991021	0	0.000354442
46.800	0.00655199	0.00236295	0.991257	0	0.000354442
46.900	0.0064954	0.00118147	0.991375	0	0.000354442
47.000	0.00648399	0.00118147	0.991493	0	0.000354442
47.100	0.00644169	0.00118147	0.991612	0	0.000354442
47.200	0.0064124	0	0.991612	0	0.000354442
47.300	0.00636868	0	0.991612	0	0.000354442
47.400	0.00633357	0.00118147	0.99173	0	0.000354442
47.500	0.00630982	0	0.99173	0	0.000354442
47.600	0.00627243	0.00118147	0.991848	0	0.000354442
47.700	0.00624498	0	0.991848	0	0.000354442
47.800	0.00619527	0	0.991848	0	0.000354442
47.900	0.00617848	0	0.991848	0	0.000354442
48.000	0.00613434	0	0.991848	0	0.000354442
48.100	0.0061028	0	0.991848	0	0.000354442
48.200	0.00608407	0.0047259	0.99232	0	0.000354442
48.300	0.00605379	0	0.99232	0	0.000354442
48.400	0.00601637	0.00118147	0.992439	0	0.000354442
48.500	0.00597938	0.00118147	0.992557	0	0.000354442
48.600	0.00595853	0.00118147	0.992675	-0.000118147	0.000236295
48.700	0.00592241	0	0.992675	0	0.000236295
48.800	0.00588725	0.00118147	0.992793	0	0.000236295
48.900	0.00585518	0	0.992793	0	0.000236295
49.000	0.00583295	0.00118147	0.992911	0	0.000236295
49.100	0.00578907	0	0.992911	0	0.000236295
49.200	0.00575493	0.00118147	0.993029	0	0.000236295
49.300	0.00573932	0	0.993029	0	0.000236295
49.400	0.0056817	0	0.993029	0	0.000236295
49.500	0.00565092	0.00118147	0.993147	0	0.000236295
49.600	0.00561116	0	0.993147	0	0.000236295
49.700	0.00558786	0	0.993147	0	0.000236295
49.800	0.00555674	0	0.993147	0	0.000236295
49.900	0.00552061	0	0.993147	0	0.000236295
50.000	0.00548216	0	0.993147	0	0.000236295
50.100	0.00545623	0	0.993147	0	0.000236295
50.200	0.00540882	0	0.993147	0	0.000236295
50.300	0.00540031	0.00118147	0.993266	0	0.000236295
50.400	0.00537231	0.00118147	0.993384	0	0.000236295
50.500	0.00534127	0	0.993384	0	0.000236295
50.600	0.00529732	0	0.993384	0	0.000236295
50.700	0.00528911	0	0.993384	0	0.000236295
50.800	0.00525883	0	0.993384	0	0.000236295
50.900	0.0052272	0	0.993384	0	0.000236295
51.000	0.00519899	0	0.993384	0	0.000236295
51.100	0.00517711	0	0.993384	0	0.000236295
51.200	0.00514353	0	0.993384	0	0.000236295
51.300	0.00510999	0	0.993384	0	0.000236295
51.400	0.00509635	0	0.993384	0	0.000236295
51.500	0.00507816	0.00118147	0.993502	0	0.000236295
51.600	0.00504808	0.00118147	0.99362	0	0.000236295
51.700	0.00501689	0.00118147	0.993738	0	0.000236295
51.800	0.00498764	0	0.993738	0	0.000236295
51.900	0.00495581	0	0.993738	0	0.000236295
52.000	0.00495269	0.00354442	0.994093	0	0.000236295
52.100	0.00492192	0.00118147	0.994211	0	0.000236295
52.200	0.0048996	0	0.994211	0	0.000236295
52.300	0.00485983	0	0.994211	0	0.000236295
52.400	0.00484748	0	0.994211	0	0.000236295
52.500	0.00480632	0.00118147	0.994329	0	0.000236295
52.600	0.00477896	0	0.994329	0	0.000236295
52.700	0.00476596	0	0.994329	0	0.000236295
52.800	0.00473294	0	0.994329	0	0.000236295
52.900	0.00471205	0	0.994329	0	0.000236295
53.000	0.00468686	0	0.994329	0	0.000236295
53.100	0.00466632	0.00354442	0.994683	0	0.000236295
53.200	0.00463115	0	0.994683	0	0.000236295
53.300	0.00460436	0	0.994683	0	0.000236295
53.400	0.00458082	0.00236295	0.99492	0	0.000236295
53.500	0.00455225	0	0.99492	0	0.000236295
53.600	0.0045282	0	0.99492	0	0.000236295
53.700	0.00449492	0	0.99492	0	0.000236295
53.800	0.00447734	0	0.99492	0	0.000236295
53.900	0.00445105	0	0.99492	0	0.000236295
54.000	0.00442173	0	0.99492	0	0.000236295
54.100	0.00440143	0.00118147	0.995038	0	0.000236295
54.200	0.00438137	0	0.995038	0	0.000236295
54.300	0.00436612	0	0.995038	0	0.000236295
54.400	0.00433794	0	0.995038	0	0.000236295
54.500	0.00431306	0.00118147	0.995156	0	0.000236295
54.600	0.00429188	0	0.995156	0	0.000236295
54.700	0.00426675	0.00118147	0.995274	0	0.000236295
54.800	0.00424442	0	0.995274	0	0.000236295
54.900	0.00421575	0	0.995274	0	0.000236295
55.000	0.00420014	0	0.995274	0	0.000236295
55.100	0.00417684	0	0.995274	0	0.000236295
55.200	0.00414996	0	0.995274	0	0.000236295
55.300	0.00412806	0	0.995274	0	0.000236295
55.400	0.00409672	0	0.995274	0	0.000236295
55.500	0.00407785	0	0.995274	0	0.000236295
55.600	0.00404758	0	0.995274	0	0.000236295
55.700	0.00404089	0	0.995274	0	0.000236295
55.800	0.0040124	0	0.995274	0	0.000236295
55.900	0.00398048	0	0.995274	0	0.000236295
56.000	0.00396603	0.00118147	0.995392	0	0.000236295
56.100	0.00394093	0	0.995392	0	0.000236295
56.200	0.00391755	0	0.995392	0	0.000236295
56.300	0.00390197	0.00118147	0.99551	0	0.000236295
56.400	0.00387767	0	0.99551	0	0.000236295
56.500	0.0038509	0	0.99551	0	0.000236295
56.600	0.00382955	0.00118147	0.995629	0	0.000236295
56.700	0.00381365	0	0.995629	0	0.000236295
56.800	0.00378363	0	0.995629	0	0.000236295
56.900	0.00377649	0	0.995629	0	0.000236295
57.000	0.00374968	0.00118147	0.995747	0	0.000236295
57.100	0.00373339	0	0.995747	0	0.000236295
57.200	0.00370343	0.00118147	0.995865	0	0.000236295
57.300	0.00369078	0.00118147	0.995983	0	0.000236295
57.400	0.00366169	0	0.995983	0	0.000236295
57.500	0.0036376	0	0.995983	0	0.000236295
57.600	0.00361282	0	0.995983	0	0.000236295
57.700	0.00360645	0	0.995983	0	0.000236295
57.800	0.00358503	0	0.995983	0	0.000236295
57.900	0.00357819	0.00118147	0.996101	0	0.000236295
58.000	0.00356227	0	0.996101	0	0.000236295
58.100	0.00353024	0	0.996101	0	0.000236295
58.200	0.00352578	0	0.996101	0	0.000236295
58.300	0.00349762	0	0.996101	0	0.000236295
58.400	0.00349326	0.00118147	0.996219	-0.000118147	0.000118147
58.500	0.00348376	0.00236295	0.996456	0	0.000118147
58.600	0.003464	0	0.996456	0	0.000118147
58.700	0.00343851	0	0.996456	0	0.000118147
58.800	0.00342385	0	0.996456	0	0.000118147
58.900	0.00340033	0	0.996456	0	0.000118147
59.000	0.00338427	0	0.996456	0	0.000118147
59.100	0.00336415	0	0.996456	0	0.000118147
59.200	0.00334762	0	0.996456	0	0.000118147
59.300	0.00333001	0	0.996456	0	0.000118147
59.400	0.00330664	0	0.996456	0	0.000118147
59.500	0.00328848	0	0.996456	0	0.000118147
59.600	0.00327507	0	0.996456	0	0.000118147
59.700	0.00325871	0	0.996456	0	0.000118147
59.800	0.00324178	0	0.996456	0	0.000118147
59.900	0.0032302	0	0.996456	0	0.000118147
60.000	0.00320154	0	0.996456	0	0.000118147
60.100	0.00319014	0	0.996456	0	0.000118147
60.200	0.00317725	0	0.996456	0	0.000118147
60.300	0.00315301	0	0.996456	0	0.000118147
60.400	0.00313795	0	0.996456	0	0.000118147
60.500	0.00311422	0	0.996456	0	0.000118147
60.600	0.00310003	0	0.996456	0	0.000118147
60.700	0.00307661	0	0.996456	0	0.000118147
60.800	0.00306083	0	0.996456	0	0.000118147
60.900	0.00304581	0	0.996456	0	0.000118147
61.000	0.00303152	0	0.996456	0	0.000118147
61.100	0.00301323	0.00118147	0.996574	0	0.000118147
61.200	0.00298544	0.00118147	0.996692	0	0.000118147
61.300	0.00298192	0.00118147	0.99681	0	0.000118147
61.400	0.00297584	0	0.99681	0	0.000118147
61.500	0.00295264	0	0.99681	0	0.000118147
61.600	0.00293946	0.00118147	0.996928	0	0.000118147
61.700	0.00292272	0	0.996928	0	0.000118147
61.800	0.00290452	0	0.996928	0	0.000118147
61.900	0.00289326	0	0.996928	0	0.000118147
62.000	0.00287741	0	0.996928	0	0.000118147
62.100	0.00286369	0	0.996928	0	0.000118147
62.200	0.00284148	0	0.996928	0	0.000118147
62.300	0.00282604	0	0.996928	0	0.000118147
62.400	0.00280658	0.00118147	0.997046	0	0.000118147
62.500	0.0027879	0	0.997046	0	0.000118147
62.600	0.00277605	0	0.997046	0	0.000118147
62.700	0.00275926	0	0.997046	0	0.000118147
62.800	0.00274874	0	0.997046	0	0.000118147
62.900	0.00272719	0	0.997046	0	0.000118147
63.000	0.00271185	0	0.997046	0	0.000118147
63.100	0.00269005	0	0.997046	0	0.000118147
63.200	0.00268027	0	0.997046	0	0.000118147
63.300	0.00267235	0.00236295	0.997283	0	0.000118147
63.400	0.00265749	0	0.997283	0	0.000118147
63.500	0.00264068	0	0.997283	0	0.000118147
63.600	0.00262829	0	0.997283	0	0.000118147
63.700	0.00261612	0	0.997283	0	0.000118147
63.800	0.00259972	0	0.997283	0	0.000118147
63.900	0.00258975	0	0.997283	0	0.000118147
64.000	0.00257217	0	0.997283	0	0.000118147
64.100	0.00255754	0	0.997283	0	0.000118147
64.200	0.00254205	0	0.997283	0	0.000118147
64.300	0.00253132	0.00118147	0.997401	0	0.000118147
64.400	0.00251733	0	0.997401	0	0.000118147
64.500	0.00251244	0.00118147	0.997519	0	0.000118147
64.600	0.00248847	0	0.997519	0	0.000118147
64.700	0.00247346	0	0.997519	0	0.000118147
64.800	0.00245748	0	0.997519	0	0.000118147
64.900	0.00244115	0	0.997519	0	0.000118147
65.000	0.00241851	0	0.997519	0	0.000118147
65.100	0.00241379	0	0.997519	0	0.000118147
65.200	0.00240031	0	0.997519	0	0.000118147
65.300	0.00238529	0	0.997519	0	0.000118147
65.400	0.00237841	0.00118147	0.997637	0	0.000118147
65.500	0.00236554	0	0.997637	0	0.000118147
65.600	0.00235166	0	0.997637	0	0.000118147
65.700	0.0023358	0.00118147	0.997755	0	0.000118147
65.800	0.00231952	0	0.997755	0	0.000118147
65.900	0.00231275	0	0.997755	0	0.000118147
66.000	0.00229877	0	0.997755	0	0.000118147
66.100	0.00228867	0	0.997755	0	0.000118147
66.200	0.00227309	0	0.997755	0	0.000118147
66.300	0.00226251	0	0.997755	0	0.000118147
66.400	0.00225173	0	0.997755	0	0.000118147
66.500	0.00223365	0	0.997755	0	0.000118147
66.600	0.00222585	0	0.997755	0	0.000118147
66.700	0.00220852	0	0.997755	0	0.000118147
66.800	0.00220081	0	0.997755	0	0.000118147
66.900	0.00218448	0	0.997755	0	0.000118147
67.000	0.00217705	0	0.997755	0	0.000118147
67.100	0.00215943	0	0.997755	0	0.000118147
67.200	0.00214546	0	0.997755	0	0.000118147
67.300	0.00213738	0	0.997755	0	0.000118147
67.400	0.00212709	0	0.997755	0	0.000118147
67.500	0.0021238	0.00118147	0.997873	0	0.000118147
67.600	0.00211725	0	0.997873	0	0.000118147
67.700	0.00210784	0	0.997873	0	0.000118147
67.800	0.00209663	0	0.997873	0	0.000118147
67.900	0.00208122	0	0.997873	0	0.000118147
68.000	0.00207469	0	0.997873	0	0.000118147
68.100	0.00205719	0	0.997873	0	0.000118147
68.200	0.00204743	0	0.997873	0	0.000118147
68.300	0.00203341	0	0.997873	0	0.000118147
68.400	0.0020182	0.00118147	0.997991	0	0.000118147
68.500	0.00201802	0	0.997991	0	0.000118147
68.600	0.00200451	0	0.997991	0	0.000118147
68.700	0.00199667	0	0.997991	0	0.000118147
68.800	0.00198169	0	0.997991	0	0.000118147
68.900	0.00197434	0	0.997991	0	0.000118147
69.000	0.00196062	0.00118147	0.99811	0	0.000118147
69.100	0.00193807	0	0.99811	0	0.000118147
69.200	0.00194407	0	0.99811	0	0.000118147
69.300	0.00193064	0	0.99811	0	0.000118147
69.400	0.00193582	0.00118147	0.998228	0	0.000118147
69.500	0.00192248	0	0.998228	0	0.000118147
69.600	0.00191084	0	0.998228	0	0.000118147
69.700	0.00189447	0	0.998228	0	0.000118147
69.800	0.00188085	0	0.998228	0	0.000118147
69.900	0.00187262	0	0.998228	0	0.000118147
70.000	0.00186328	0	0.998228	0	0.000118147
70.100	0.00185626	0	0.998228	0	0.000118147
70.200	0.00184199	0	0.998228	0	0.000118147
70.300	0.00183347	0	0.998228	0	0.000118147
70.400	0.00182092	0	0.998228	0	0.000118147
70.500	0.00181135	0	0.998228	0	0.000118147
70.600	0.0018055	0	0.998228	0	0.000118147
70.700	0.00179394	0	0.998228	0	0.000118147
70.800	0.00178757	0	0.998228	0	0.000118147
70.900	0.00177895	0	0.998228	0	0.000118147
71.000	0.00176526	0	0.998228	0	0.000118147
71.100	0.00174934	0	0.998228	0	0.000118147
71.200	0.00173955	0	0.998228	0	0.000118147
71.300	0.00173196	0	0.998228	0	0.000118147
71.400	0.00172478	0	0.998228	0	0.000118147
71.500	0.00171152	0	0.998228	0	0.000118147
71.600	0.00170301	0.00118147	0.998346	0	0.000118147
71.700	0.0016898	0	0.998346	0	0.000118147
71.800	0.00168062	0	0.998346	0	0.000118147
71.900	0.00166717	0	0.998346	0	0.000118147
72.000	0.00165819	0	0.998346	0	0.000118147
72.100	0.0016469	0	0.998346	0	0.000118147
72.200	0.00163865	0.00118147	0.998464	0	0.000118147
72.300	0.00163056	0	0.998464	0	0.000118147
72.400	0.00162607	0	0.998464	0	0.000118147
72.500	0.00161304	0	0.998464	0	0.000118147
72.600	0.00160203	0	0.998464	0	0.000118147
72.700	0.00159588	0	0.998464	0	0.000118147
72.800	0.00159012	0	0.998464	0	0.000118147
72.900	0.00157847	0	0.998464	0	0.000118147
73.000	0.00157761	0.00118147	0.998582	0	0.000118147
73.100	0.00157014	0	0.998582	0	0.000118147
73.200	0.00156351	0	0.998582	0	0.000118147
73.300	0.0015482	0	0.998582	0	0.000118147
73.400	0.00153716	0	0.998582	0	0.000118147
73.500	0.00152638	0	0.998582	0	0.000118147
73.600	0.00151505	0	0.998582	0	0.000118147
73.700	0.00150897	0	0.998582	0	0.000118147
73.800	0.00150238	0	0.998582	0	0.000118147
73.900	0.00149048	0	0.998582	0	0.000118147
74.000	0.00148552	0	0.998582	0	0.000118147
74.100	0.00147584	0	0.998582	0	0.000118147
74.200	0.00146522	0	0.998582	0	0.000118147
74.300	0.00146136	0	0.998582	0	0.000118147
74.400	0.00145343	0	0.998582	0	0.000118147
74.500	0.00144612	0	0.998582	0	0.000118147
74.600	0.001437	0	0.998582	0	0.000118147
74.700	0.00142485	0	0.998582	0	0.000118147
74.800	0.00141743	0	0.998582	0.000118147	0.000236295
74.900	0.00141293	0.00118147	0.9987	-0.000118147	0.000118147
75.000	0.00140409	0	0.9987	0	0.000118147
75.100	0.0014016	0	0.9987	0	0.000118147
75.200	0.00139416	0	0.9987	0	0.000118147
75.300	0.00138448	0	0.9987	0	0.000118147
75.400	0.00138205	0	0.9987	0	0.000118147
75.500	0.00136871	0	0.9987	0	0.000118147
75.600	0.00136027	0	0.9987	0	0.000118147
75.700	0.00135549	0	0.9987	0	0.000118147
75.800	0.00134655	0	0.9987	0	0.000118147
75.900	0.00134015	0.00118147	0.998819	0	0.000118147
76.000	0.00134004	0.00118147	0.998937	0	0.000118147
76.100	0.00133242	0	0.998937	0	0.000118147
76.200	0.00132182	0	0.998937	0	0.000118147
76.300	0.00131391	0	0.998937	0	0.000118147
76.400	0.00131128	0	0.998937	0	0.000118147
76.500	0.00129967	0	0.998937	0	0.000118147
76.600	0.00129786	0	0.998937	0	0.000118147
76.700	0.00129124	0	0.998937	0	0.000118147
76.800	0.00128245	0	0.998937	0	0.000118147
76.900	0.00127205	0	0.998937	0	0.000118147
77.000	0.00126277	0	0.998937	0	0.000118147
77.100	0.00125537	0	0.998937	0	0.000118147
77.200	0.00124855	0	0.998937	0	0.000118147
77.300	0.00123932	0	0.998937	0	0.000118147
77.400	0.00124918	0.00118147	0.999055	0	0.000118147
77.500	0.00124587	0	0.999055	0	0.000118147
77.600	0.00123589	0	0.999055	0	0.000118147
77.700	0.0012315	0	0.999055	0	0.000118147
77.800	0.0012243	0	0.999055	0	0.000118147
77.900	0.00121999	0	0.999055	0	0.000118147
78.000	0.00121344	0	0.999055	0	0.000118147
78.100	0.00120551	0	0.999055	0	0.000118147
78.200	0.00120151	0	0.999055	0	0.000118147
78.300	0.00119001	0	0.999055	0	0.000118147
78.400	0.00118334	0	0.999055	0	0.000118147
78.500	0.00118008	0	0.999055	0	0.000118147
78.600	0.00117307	0	0.999055	0	0.000118147
78.700	0.00116737	0	0.999055	0	0.000118147
78.800	0.00115942	0	0.999055	0	0.000118147
78.900	0.00114265	0	0.999055	0	0.000118147
79.000	0.00113985	0	0.999055	0	0.000118147
79.100	0.00113698	0	0.999055	0	0.000118147
79.200	0.0011323	0	0.999055	0	0.000118147
79.300	0.00112873	0	0.999055	0	0.000118147
79.400	0.00111821	0	0.999055	0	0.000118147
79.500	0.0011162	0	0.999055	0	0.000118147
79.600	0.00110695	0	0.999055	0	0.000118147
79.700	0.0010993	0	0.999055	0	0.000118147
79.800	0.00109284	0	0.999055	0	0.000118147
79.900	0.00108861	0	0.999055	0	0.000118147
80.000	0.00108376	0	0.999055	0	0.000118147
80.100	0.00107977	0	0.999055	0	0.000118147
80.200	0.00107164	0	0.999055	0	0.000118147
80.300	0.00106712	0	0.999055	0	0.000118147
80.400	0.00105897	0	0.999055	0	0.000118147
80.500	0.00105502	0	0.999055	0	0.000118147
80.600	0.00105021	0	0.999055	0	0.000118147
80.700	0.0010436	0	0.999055	0	0.000118147
80.800	0.00104216	0.00118147	0.999173	0	0.000118147
80.900	0.00103732	0	0.999173	0	0.000118147
81.000	0.00103137	0	0.999173	0	0.000118147
81.100	0.00102694	0	0.999173	0	0.000118147
81.200	0.0010215	0	0.999173	0	0.000118147
81.300	0.00101563	0	0.999173	0	0.000118147
81.400	0.00100814	0	0.999173	0	0.000118147
81.500	0.00100196	0	0.999173	0	0.000118147
81.600	0.000996497	0	0.999173	0	0.000118147
81.700	0.000988925	0	0.999173	0	0.000118147
81.800	0.000986394	0	0.999173	0	0.000118147
81.900	0.00098338	0	0.999173	0	0.000118147
82.000	0.000978376	0	0.999173	0	0.000118147
82.100	0.000972369	0	0.999173	0	0.000118147
82.200	0.000966664	0	0.999173	0	0.000118147
82.300	0.000963278	0	0.999173	0	0.000118147
82.400	0.000958315	0	0.999173	0	0.000118147
82.500	0.000955448	0	0.999173	0	0.000118147
82.600	0.000952112	0	0.999173	0	0.000118147
82.700	0.000949544	0	0.999173	0	0.000118147
82.800	0.000943624	0	0.999173	0	0.000118147
82.900	0.000933526	0	0.999173	0	0.000118147
83.000	0.00093129	0	0.999173	0	0.000118147
83.100	0.00091961	0	0.999173	0	0.000118147
83.200	0.000919961	0	0.999173	0	0.000118147
83.300	0.000920762	0	0.999173	0	0.000118147
83.400	0.000916806	0	0.999173	0	0.000118147
83.500	0.000913592	0.00118147	0.999291	0	0.000118147
83.600	0.000904002	0	0.999291	0	0.000118147
83.700	0.000905095	0	0.999291	0	0.000118147
83.800	0.000899639	0	0.999291	0	0.000118147
83.900	0.000895938	0	0.999291	0	0.000118147
84.000	0.000891815	0	0.999291	0	0.000118147
84.100	0.000886968	0	0.999291	0	0.000118147
84.200	0.000883942	0	0.999291	0	0.000118147
84.300	0.000880476	0	0.999291	0	0.000118147
84.400	0.00087481	0	0.999291	0	0.000118147
84.500	0.00087236	0	0.999291	0	0.000118147
84.600	0.000864725	0	0.999291	0	0.000118147
84.700	0.000863122	0	0.999291	0	0.000118147
84.800	0.000858419	0	0.999291	0	0.000118147
84.900	0.000857327	0	0.999291	0	0.000118147
85.000	0.000852842	0	0.999291	0	0.000118147
85.100	0.000845889	0	0.999291	0	0.000118147
85.200	0.000841506	0	0.999291	0	0.000118147
85.300	0.000834569	0	0.999291	0	0.000118147
85.400	0.000832404	0	0.999291	0	0.000118147
85.500	0.000829305	0	0.999291	0	0.000118147
85.600	0.000824884	0	0.999291	0	0.000118147
85.700	0.000824321	0	0.999291	0	0.000118147
85.800	0.000818952	0	0.999291	0	0.000118147
85.900	0.000815385	0	0.999291	0	0.000118147
86.000	0.000810889	0	0.999291	0	0.000118147
86.100	0.000805304	0	0.999291	0	0.000118147
86.200	0.000804152	0	0.999291	0	0.000118147
86.300	0.00080043	0	0.999291	0	0.000118147
86.400	0.000797186	0	0.999291	0	0.000118147
86.500	0.00079343	0	0.999291	0	0.000118147
86.600	0.000789836	0	0.999291	0	0.000118147
86.700	0.000788518	0	0.999291	0	0.000118147
86.800	0.000782623	0	0.999291	0	0.000118147
86.900	0.00078038	0	0.999291	0	0.000118147
87.000	0.00077703	0	0.999291	0	0.000118147
87.100	0.000773765	0	0.999291	0	0.000118147
87.200	0.000766719	0	0.999291	0	0.000118147
87.300	0.000764378	0	0.999291	0	0.000118147
87.400	0.000760016	0	0.999291	0	0.000118147
87.500	0.000755459	0	0.999291	0	0.000118147
87.600	0.000753804	0	0.999291	0	0.000118147
87.700	0.000749527	0	0.999291	0	0.000118147
87.800	0.000745892	0	0.999291	0	0.000118147
87.900	0.000741715	0	0.999291	0	0.000118147
88.000	0.000739776	0	0.999291	0	0.000118147
88.100	0.000736557	0	0.999291	0	0.000118147
88.200	0.000734043	0	0.999291	0	0.000118147
88.300	0.000731471	0	0.999291	0	0.000118147
88.400	0.000728294	0	0.999291	0	0.000118147
88.500	0.000731083	0.00118147	0.999409	-0.000118147	0
88.600	0.000727467	0	0.999409	0	0
88.700	0.000724466	0	0.999409	0	0
88.800	0.000720705	0	0.999409	0	0
88.900	0.000718807	0	0.999409	0	0
89.000	0.000715181	0	0.999409	0	0
89.100	0.000710344	0	0.999409	0	0
89.200	0.000708232	0	0.999409	0	0
89.300	0.000707029	0	0.999409	0	0
89.400	0.000704374	0	0.999409	0	0
89.500	0.000698128	0	0.999409	0	0
89.600	0.000699032	0	0.999409	0	0
89.700	0.000695538	0	0.999409	0	0
89.800	0.000692691	0	0.999409	0.000118147	0.000118147
89.900	0.000687131	0	0.999409	-0.000118147	0
90.000	0.000686662	0	0.999409	0	0
90.100	0.000679798	0	0.999409	0	0
90.200	0.00068003	0	0.999409	0	0
90.300	0.000677553	0	0.999409	0	0
90.400	0.000673755	0	0.999409	0	0
90.500	0.000669205	0	0.999409	0	0
90.600	0.000667723	0	0.999409	0	0
90.700	0.000663551	0	0.999409	0.000118147	0.000118147
90.800	0.000661945	0	0.999409	-0.000118147	0
90.900	0.000659749	0	0.999409	0	0
91.000	0.000655712	0	0.999409	0	0
91.100	0.000653046	0	0.999409	0	0
91.200	0.000651943	0	0.999409	0	0
91.300	0.000647117	0	0.999409	0	0
91.400	0.000645443	0	0.999409	0	0
91.500	0.00064104	0	0.999409	0	0
91.600	0.000640055	0	0.999409	0	0
91.700	0.000638164	0	0.999409	0	0
91.800	0.000635665	0	0.999409	0	0
91.900	0.000632444	0	0.999409	0	0
92.000	0.00062918	0	0.999409	0	0
92.100	0.000625547	0	0.999409	0	0
92.200	0.00062539	0	0.999409	0	0
92.300	0.00062175	0	0.999409	0	0
92.400	0.000620713	0	0.999409	0	0
92.500	0.000618222	0	0.999409	0	0
92.600	0.000615835	0	0.999409	0	0
92.700	0.000609569	0	0.999409	0	0
92.800	0.000608909	0	0.999409	0	0
92.900	0.000606213	0	0.999409	0	0
93.000	0.00060327	0	0.999409	0	0
93.100	0.000600158	0	0.999409	0	0
93.200	0.000598968	0	0.999409	0	0
93.300	0.00059701	0	0.999409	0	0
93.400	0.000591889	0	0.999409	0	0
93.500	0.000591021	0	0.999409	0	0
93.600	0.000587599	0	0.999409	0	0
93.700	0.000586415	0	0.999409	0	0
93.800	0.000578404	0	0.999409	0	0
93.900	0.00058272	0	0.999409	0	0
94.000	0.000579556	0	0.999409	0	0
94.100	0.000577926	0	0.999409	0	0
94.200	0.00057458	0	0.999409	0	0
94.300	0.000571423	0	0.999409	0	0
94.400	0.000570139	0	0.999409	0	0
94.500	0.000566387	0	0.999409	0	0
94.600	0.000567356	0	0.999409	0	0
94.700	0.000566032	0	0.999409	0	0
94.800	0.000563825	0	0.999409	0	0
94.900	0.000563184	0	0.999409	0	0
95.000	0.000560781	0	0.999409	0	0
95.100	0.000558996	0	0.999409	0	0
95.200	0.000557691	0	0.999409	0	0
95.300	0.000554618	0	0.999409	0	0
95.400	0.00055192	0	0.999409	0	0
95.500	0.000551641	0	0.999409	0	0
95.600	0.000550065	0	0.999409	0	0
95.700	0.000546771	0	0.999409	0	0
95.800	0.000544408	0	0.999409	0	0
95.900	0.000541684	0	0.999409	0	0
96.000	0.000538516	0	0.999409	0	0
96.100	0.00053585	0	0.999409	0	0
96.200	0.000534294	0	0.999409	0	0
96.300	0.000530989	0	0.999409	0	0
96.400	0.00053062	0	0.999409	0	0
96.500	0.00052929	0	0.999409	0	0
96.600	0.000526211	0	0.999409	0	0
96.700	0.000524002	0	0.999409	0	0
96.800	0.00052173	0	0.999409	0	0
96.900	0.000519567	0	0.999409	0	0
97.000	0.000517703	0	0.999409	0	0
97.100	0.000514948	0	0.999409	0	0
97.200	0.000512674	0	0.999409	0	0
97.300	0.000512175	0	0.999409	0	0
97.400	0.000510693	0	0.999409	0	0
97.500	0.000507897	0	0.999409	0	0
97.600	0.000506887	0	0.999409	0	0
97.700	0.000506704	0	0.999409	0.000118147	0.000118147
97.800	0.00050396	0	0.999409	-0.000118147	0
97.900	0.000502047	0	0.999409	0	0
98.000	0.000498564	0	0.999409	0	0
98.100	0.00049716	0	0.999409	0	0
98.200	0.000494498	0	0.999409	0	0
98.300	0.000492589	0	0.999409	0	0
98.400	0.000491144	0	0.999409	0	0
98.500	0.000488068	0	0.999409	0	0
98.600	0.000488803	0	0.999409	0	0
98.700	0.000486408	0	0.999409	0	0
98.800	0.00048349	0	0.999409	0	0
98.900	0.000481689	0	0.999409	0	0
99.000	0.000477591	0	0.999409	0	0
99.100	0.000475545	0	0.999409	0	0
99.200	0.000474095	0	0.999409	0	0
99.300	0.000472064	0	0.999409	0	0
99.400	0.00047093	0	0.999409	0	0
99.500	0.000466582	0	0.999409	0	0
99.600	0.000466744	0	0.999409	0	0
99.700	0.000463768	0	0.999409	0	0
99.800	0.000461808	0	0.999409	0.000118147	0.000118147
99.900	0.000459491	0	0.999409	-0.000118147	0
100.000	0.00045716	0	0.999409	0	0
100.100	0.000453484	0	0.999409	0	0
100.200	0.000454435	0	0.999409	0	0
100.300	0.000452627	0	0.999409	0	0
100.400	0.000451055	0	0.999409	0	0
100.500	0.000450094	0	0.999409	0	0
100.600	0.000449181	0	0.999409	0	0
100.700	0.000448626	0	0.999409	0	0
100.800	0.000445952	0	0.999409	0	0
100.900	0.000444798	0	0.999409	0	0
101.000	0.000441444	0	0.999409	0	0
101.100	0.000441143	0	0.999409	0	0
101.200	0.000439557	0	0.999409	0	0
101.300	0.000437685	0	0.999409	0	0
101.400	0.000436508	0	0.999409	0	0
101.500	0.000435333	0	0.999409	0	0
101.600	0.000433701	0	0.999409	0	0
101.700	0.000432813	0	0.999409	0	0
101.800	0.000430351	0	0.999409	0	0
101.900	0.000428879	0	0.999409	0	0
102.000	0.000427941	0	0.999409	0	0
102.100	0.0004267	0	0.999409	0	0
102.200	0.000425316	0	0.999409	0	0
102.300	0.000422067	0	0.999409	0	0
102.400	0.000422766	0	0.999409	0	0
102.500	0.000421104	0	0.999409	0	0
102.600	0.000417748	0	0.999409	0	0
102.700	0.000416243	0	0.999409	0	0
102.800	0.000413584	0	0.999409	0	0
102.900	0.000413249	0	0.999409	0	0
