0	0.00503563	0	0	0.00118147	0.000118147
.100	0.00503539	0	0	0	0.000118147
.200	0.00503467	0	0	0	0.000118147
.300	0.00503346	0	0	0	0.000118147
.400	0.00503178	0	0	0	0.000118147
.500	0.00502961	0	0	0	0.000118147
.600	0.00502696	0	0	0	0.000118147
.700	0.00502383	0	0	0	0.000118147
.800	0.0169057	0.00118147	0.000118147	0.00118147	0.000236295
.900	0.013341	0	0.000118147	0	0.000236295
1.000	0.0174815	0	0.000118147	0	0.000236295
1.100	0.0168325	0	0.000118147	0	0.000236295
1.200	0.0171591	0	0.000118147	0	0.000236295
1.300	0.0174102	0	0.000118147	0	0.000236295
1.400	0.0170718	0	0.000118147	0	0.000236295
1.500	0.0249335	0.00118147	0.000236295	0.00118147	0.000354442
1.600	0.0244036	0	0.000236295	0	0.000354442
1.700	0.0246491	0	0.000236295	0	0.000354442
1.800	0.0260083	0.00118147	0.000354442	0.00118147	0.00047259
1.900	0.0188274	0.00118147	0.00047259	0.00118147	0.000590737
2.000	0.0363191	0	0.00047259	0	0.000590737
2.100	0.0375546	0	0.00047259	0	0.000590737
2.200	0.0356847	0	0.00047259	0	0.000590737
2.300	0.0363494	0	0.00047259	0	0.000590737
2.400	0.0355812	0	0.00047259	0	0.000590737
2.500	0.0367314	0	0.00047259	0	0.000590737
2.600	0.0360575	0	0.00047259	0	0.000590737
2.700	0.0372657	0	0.00047259	0	0.000590737
2.800	0.0375811	0	0.00047259	0	0.000590737
2.900	0.0374016	0	0.00047259	0.00118147	0.000708885
3.000	0.0381606	0	0.00047259	0	0.000708885
3.100	0.0484587	0.00118147	0.000590737	0.00118147	0.000827032
3.200	0.0423394	0	0.000590737	0	0.000827032
3.300	0.0545925	0.00118147	0.000708885	0.00118147	0.00094518
3.400	0.0517056	0	0.000708885	0	0.00094518
3.500	0.0559944	0	0.000708885	0	0.00094518
3.600	0.0528531	0	0.000708885	0.00118147	0.00106333
3.700	0.0507377	0	0.000708885	0	0.00106333
3.800	0.0751688	0.00236295	0.00094518	0.00354442	0.00141777
3.900	0.075905	0	0.00094518	0	0.00141777
4.000	0.0701771	0.00118147	0.00106333	0.00118147	0.00153592
4.100	0.0763865	0	0.00106333	0	0.00153592
4.200	0.0772808	0	0.00106333	0	0.00153592
4.300	0.0949295	0.00118147	0.00118147	0.00118147	0.00165406
4.400	0.0993703	0.00118147	0.00129962	0.00354442	0.00200851
4.500	0.111554	0.00118147	0.00141777	0.00236295	0.0022448
4.600	0.12565	0.00118147	0.00153592	0.00118147	0.00236295
4.700	0.124865	0	0.00153592	0	0.00236295
4.800	0.124752	0.00118147	0.00165406	0.00118147	0.0024811
4.900	0.123523	0.00118147	0.00177221	0.00236295	0.00271739
5.000	0.149586	0.00236295	0.00200851	0.00118147	0.00283554
5.100	0.140871	0	0.00200851	0	0.00283554
5.200	0.146773	0.00236295	0.0022448	0.00354442	0.00318998
5.300	0.146569	0.00236295	0.0024811	0.00354442	0.00354442
5.400	0.138714	0.00118147	0.00259924	0.00118147	0.00366257
5.500	0.131922	0	0.00259924	0	0.00366257
5.600	0.145352	0.00236295	0.00283554	0.0047259	0.00413516
5.700	0.148536	0.00118147	0.00295369	0	0.00413516
5.800	0.165691	0.00118147	0.00307183	0.00236295	0.00437146
5.900	0.164244	0.00236295	0.00330813	0.00236295	0.00460775
6.000	0.161918	0	0.00330813	0.00118147	0.0047259
6.100	0.169339	0.00118147	0.00342628	0.00236295	0.00496219
6.200	0.167582	0	0.00342628	0	0.00496219
6.300	0.191341	0.00354442	0.00378072	0.0047259	0.00543478
6.400	0.212908	0.00118147	0.00389887	0.00118147	0.00555293
6.500	0.23071	0.00118147	0.00401701	0.00236295	0.00578922
6.600	0.224647	0	0.00401701	0	0.00578922
6.700	0.226813	0.00118147	0.00413516	0.00236295	0.00602552
6.800	0.226752	0.00236295	0.00437146	0.00354442	0.00637996
6.900	0.22672	0.00118147	0.0044896	0.0047259	0.00685255
7.000	0.225275	0.00118147	0.00460775	0.00118147	0.0069707
7.100	0.242933	0.00118147	0.0047259	0.00118147	0.00708885
7.200	0.247521	0.00236295	0.00496219	0.0047259	0.00756144
7.300	0.253825	0.00354442	0.00531664	0.00354442	0.00791588
7.400	0.307291	0.00590737	0.00590737	0.00590737	0.00850662
7.500	0.32993	0.00236295	0.00614367	0.00118147	0.00862476
7.600	0.349103	0.00118147	0.00626181	0.00354442	0.00897921
7.700	0.350569	0.00354442	0.00661626	0.00354442	0.00933365
7.800	0.327013	0.00236295	0.00685255	0.00236295	0.00956994
7.900	0.348258	0.00236295	0.00708885	0.00354442	0.00992439
8.000	0.346022	0.00118147	0.00720699	0.00118147	0.0100425
8.100	0.342347	0.0047259	0.00767958	0.00590737	0.0106333
8.200	0.353517	0.00118147	0.00779773	0.00118147	0.0107514
8.300	0.351024	0.00118147	0.00791588	0.00236295	0.0109877
8.400	0.364913	0.00354442	0.00827032	0.0047259	0.0114603
8.500	0.358239	0	0.00827032	0.00118147	0.0115784
8.600	0.361378	0.00236295	0.00850662	0.00354442	0.0119329
8.700	0.368941	0.00236295	0.00874291	0.0047259	0.0124055
8.800	0.362068	0.00118147	0.00886106	0.00236295	0.0126418
8.900	0.362888	0.0047259	0.00933365	0.00590737	0.0132325
9.000	0.391046	0.00590737	0.00992439	0.00827032	0.0140595
9.100	0.398811	0.0047259	0.010397	0.0047259	0.0145321
9.200	0.413511	0.0047259	0.0108696	0.0047259	0.0150047
9.300	0.416124	0.00354442	0.011224	0.0047259	0.0154773
9.400	0.450848	0.00236295	0.0114603	0.00354442	0.0158318
9.500	0.474047	0.00590737	0.012051	0.00827032	0.0166588
9.600	0.534699	0.00708885	0.0127599	0.00827032	0.0174858
9.700	0.530233	0.00118147	0.0128781	0.00236295	0.0177221
9.800	0.522538	0.00236295	0.0131144	0.00236295	0.0179584
9.900	0.542418	0.00236295	0.0133507	0.00590737	0.0185491
10.000	0.562566	0.00354442	0.0137051	0.00827032	0.0193762
10.100	0.567596	0.00354442	0.0140595	0.00590737	0.0199669
10.200	0.584034	0.00354442	0.014414	0.00590737	0.0205577
10.300	0.6641	0.0106333	0.0154773	0.0118147	0.0217391
10.400	0.673856	0.00118147	0.0155955	0.00354442	0.0220936
10.500	0.694268	0.00354442	0.0159499	0.0094518	0.0230388
10.600	0.70904	0.00236295	0.0161862	0.00590737	0.0236295
10.700	0.72284	0.00354442	0.0165406	0.0106333	0.0246928
10.800	0.699718	0.00236295	0.0167769	0.00708885	0.0254017
10.900	0.725833	0.00590737	0.0173677	0.0129962	0.0267013
11.000	0.85907	0.0129962	0.0186673	0.0200851	0.0287098
11.100	0.873127	0.00590737	0.019258	0.0094518	0.029655
11.200	0.890773	0.0047259	0.0197306	0.00827032	0.030482
11.300	0.92033	0.00708885	0.0204395	0.0118147	0.0316635
11.400	1.03063	0.0165406	0.0220936	0.0200851	0.033672
11.500	1.05581	0.00708885	0.0228025	0.0141777	0.0350898
11.600	1.09385	0.0094518	0.0237476	0.0165406	0.0367439
11.700	1.16142	0.0094518	0.0246928	0.0141777	0.0381616
11.800	1.22516	0.0129962	0.0259924	0.0165406	0.0398157
11.900	1.23212	0.0106333	0.0270558	0.0177221	0.0415879
12.000	1.27403	0.00590737	0.0276465	0.0165406	0.043242
12.100	1.3631	0.00827032	0.0284735	0.0141777	0.0446597
12.200	1.45207	0.0129962	0.0297732	0.0236295	0.0470227
12.300	1.51652	0.0106333	0.0308365	0.0165406	0.0486767
12.400	1.54461	0.0118147	0.032018	0.022448	0.0509216
12.500	1.59974	0.0141777	0.0334357	0.022448	0.0531664
12.600	1.66499	0.0189036	0.0353261	0.024811	0.0556474
12.700	1.70864	0.0165406	0.0369802	0.0200851	0.057656
12.800	1.72686	0.0094518	0.0379253	0.0189036	0.0595463
12.900	1.77082	0.0118147	0.0391068	0.0259924	0.0621456
13.000	1.76372	0.00708885	0.0398157	0.0118147	0.063327
13.100	1.86104	0.0177221	0.0415879	0.0271739	0.0660444
13.200	1.89678	0.0129962	0.0428875	0.022448	0.0682892
13.300	1.97472	0.0200851	0.044896	0.0378072	0.0720699
13.400	2.0074	0.0129962	0.0461957	0.022448	0.0743147
13.500	2.12591	0.0177221	0.0479679	0.0295369	0.0772684
13.600	2.27053	0.022448	0.0502127	0.0283554	0.080104
13.700	2.3327	0.0177221	0.0519849	0.0259924	0.0827032
13.800	2.3514	0.0141777	0.0534026	0.0259924	0.0853025
13.900	2.45137	0.0153592	0.0549386	0.022448	0.0875473
14.000	2.46452	0.0129962	0.0562382	0.022448	0.0897921
14.100	2.55867	0.0283554	0.0590737	0.0389887	0.0936909
14.200	2.65696	0.0153592	0.0606096	0.0236295	0.0960539
14.300	2.71566	0.0153592	0.0621456	0.0271739	0.0987713
14.400	2.83412	0.022448	0.0643904	0.0401701	0.102788
14.500	2.90979	0.024811	0.0668715	0.0366257	0.106451
14.600	3.05608	0.0295369	0.0698251	0.0460775	0.111059
14.700	3.10044	0.0129962	0.0711248	0.0307183	0.11413
14.800	3.20717	0.0307183	0.0741966	0.047259	0.118856
14.900	3.36537	0.0295369	0.0771503	0.0496219	0.123819
15.000	3.4551	0.024811	0.0796314	0.0330813	0.127127
15.100	3.52642	0.0307183	0.0827032	0.0519849	0.132325
15.200	3.62348	0.0283554	0.0855388	0.0413516	0.13646
15.300	3.7265	0.0330813	0.0888469	0.0567108	0.142131
15.400	3.91796	0.0318998	0.0920369	0.0508034	0.147212
15.500	4.08762	0.0378072	0.0958176	0.0531664	0.152528
15.600	4.2113	0.0295369	0.0987713	0.0425331	0.156782
15.700	4.29046	0.0271739	0.101489	0.0413516	0.160917
15.800	4.43296	0.0295369	0.104442	0.044896	0.165406
15.900	4.6141	0.0401701	0.108459	0.0637996	0.171786
16.000	4.66559	0.0236295	0.110822	0.0460775	0.176394
16.100	4.80389	0.0318998	0.114012	0.0543478	0.181829
16.200	4.97551	0.0413516	0.118147	0.0590737	0.187736
16.300	5.06107	0.0307183	0.121219	0.0543478	0.193171
16.400	5.24031	0.0401701	0.125236	0.0649811	0.199669
16.500	5.33876	0.0378072	0.129017	0.0637996	0.206049
16.600	5.375	0.0259924	0.131616	0.0460775	0.210657
16.700	5.53973	0.0378072	0.135397	0.0531664	0.215974
16.800	5.66287	0.0484405	0.140241	0.0767958	0.223653
16.900	5.93666	0.0484405	0.145085	0.0637996	0.230033
17.000	6.12149	0.0484405	0.149929	0.0661626	0.236649
17.100	6.31377	0.0460775	0.154537	0.0720699	0.243856
17.200	6.49455	0.0543478	0.159972	0.0708885	0.250945
17.300	6.90006	0.0484405	0.164816	0.0732514	0.25827
17.400	6.97661	0.0460775	0.169423	0.0756144	0.265832
17.500	7.12842	0.0496219	0.174386	0.0827032	0.274102
17.600	7.29117	0.0590737	0.180293	0.0720699	0.281309
17.700	7.51018	0.0484405	0.185137	0.0744329	0.288752
17.800	7.85934	0.0614367	0.191281	0.0886106	0.297613
17.900	7.9897	0.047259	0.196007	0.0685255	0.304466
18.000	8.19209	0.0555293	0.20156	0.0838847	0.312854
18.100	8.32104	0.0354442	0.205104	0.0578922	0.318644
18.200	8.58046	0.0578922	0.210893	0.0933365	0.327977
18.300	8.81381	0.0708885	0.217982	0.100425	0.33802
18.400	8.98624	0.0637996	0.224362	0.0850662	0.346526
18.500	9.16846	0.044896	0.228852	0.0732514	0.353852
18.600	9.36877	0.067344	0.235586	0.094518	0.363303
18.700	9.69807	0.0756144	0.243147	0.100425	0.373346
18.800	9.82044	0.0555293	0.2487	0.0685255	0.380198
18.900	9.8734	0.0531664	0.254017	0.0815217	0.388351
19.000	10.1038	0.0637996	0.260397	0.0909735	0.397448
19.100	10.3356	0.0838847	0.268785	0.0956994	0.407018
19.200	10.6274	0.0626181	0.275047	0.0909735	0.416115
19.300	10.9134	0.0685255	0.2819	0.0968809	0.425803
19.400	11.1714	0.0708885	0.288989	0.0886106	0.434664
19.500	11.2753	0.0637996	0.295369	0.107514	0.445416
19.600	11.5768	0.0708885	0.302457	0.092155	0.454631
19.700	11.797	0.0685255	0.30931	0.0980624	0.464438
19.800	12.1248	0.0909735	0.318407	0.125236	0.476961
19.900	12.4545	0.0791588	0.326323	0.0968809	0.486649
20.000	12.6792	0.0720699	0.33353	0.101607	0.49681
20.100	13.0272	0.0862476	0.342155	0.106333	0.507443
20.200	13.2085	0.0756144	0.349716	0.0956994	0.517013
20.300	13.4013	0.0732514	0.357042	0.092155	0.526229
20.400	13.6722	0.0779773	0.364839	0.106333	0.536862
20.500	13.7918	0.0720699	0.372046	0.0838847	0.54525
20.600	13.8017	0.0744329	0.37949	0.102788	0.555529
20.700	14.017	0.0827032	0.38776	0.0897921	0.564509
20.800	14.2917	0.0744329	0.395203	0.0838847	0.572897
20.900	14.7083	0.0862476	0.403828	0.116966	0.584594
21.000	15.0249	0.0815217	0.41198	0.0874291	0.593336
21.100	15.1165	0.067344	0.418715	0.0850662	0.601843
21.200	15.3152	0.0886106	0.427576	0.108696	0.612713
21.300	15.6225	0.0708885	0.434664	0.0767958	0.620392
21.400	15.7111	0.0827032	0.442935	0.101607	0.630553
21.500	15.9204	0.0685255	0.449787	0.0708885	0.637642
21.600	15.9573	0.067344	0.456522	0.0720699	0.644849
21.700	16.2332	0.0803403	0.464556	0.0685255	0.651701
21.800	16.4278	0.0850662	0.473062	0.111059	0.662807
21.900	16.4728	0.0779773	0.48086	0.0862476	0.671432
22.000	16.7397	0.0732514	0.488185	0.0827032	0.679702
22.100	16.7292	0.0744329	0.495629	0.069707	0.686673
22.200	16.8546	0.0767958	0.503308	0.0708885	0.693762
22.300	16.9919	0.0815217	0.51146	0.0897921	0.702741
22.400	17.0732	0.0637996	0.51784	0.0661626	0.709357
22.500	17.1734	0.0602552	0.523866	0.0531664	0.714674
22.600	17.2037	0.0720699	0.531073	0.0708885	0.721763
22.700	17.1819	0.0744329	0.538516	0.069707	0.728733
22.800	17.2473	0.0543478	0.543951	0.0649811	0.735232
22.900	17.3704	0.0732514	0.551276	0.0649811	0.74173
23.000	17.4911	0.0661626	0.557892	0.0508034	0.74681
23.100	17.5728	0.0756144	0.565454	0.0720699	0.754017
23.200	17.7434	0.0767958	0.573133	0.0756144	0.761578
23.300	17.7769	0.069707	0.580104	0.0685255	0.768431
23.400	17.8662	0.067344	0.586838	0.0602552	0.774457
23.500	18.0431	0.0779773	0.594636	0.0708885	0.781545
23.600	18.1467	0.067344	0.601371	0.0543478	0.78698
23.700	18.173	0.0720699	0.608578	0.0567108	0.792651
23.800	18.3686	0.0767958	0.616257	0.0602552	0.798677
23.900	18.3168	0.0590737	0.622164	0.0531664	0.803993
24.000	18.304	0.0637996	0.628544	0.0543478	0.809428
24.100	18.4756	0.0661626	0.635161	0.0555293	0.814981
24.200	18.6774	0.0827032	0.643431	0.0661626	0.821597
24.300	18.6645	0.0637996	0.649811	0.0578922	0.827387
24.400	18.7475	0.0685255	0.656664	0.0578922	0.833176
24.500	18.8723	0.069707	0.663634	0.0578922	0.838965
24.600	18.8679	0.0850662	0.672141	0.0531664	0.844282
24.700	18.9681	0.0484405	0.676985	0.0401701	0.848299
24.800	19.0017	0.0614367	0.683129	0.0484405	0.853143
24.900	19.0618	0.0614367	0.689272	0.0437146	0.857514
25.000	19.1487	0.0720699	0.696479	0.0626181	0.863776
25.100	19.2068	0.0496219	0.701441	0.047259	0.868502
25.200	19.1584	0.0578922	0.707231	0.0508034	0.873582
25.300	19.1152	0.0531664	0.712547	0.0401701	0.877599
25.400	19.1653	0.0578922	0.718336	0.0354442	0.881144
25.500	19.1346	0.0496219	0.723299	0.0378072	0.884924
25.600	19.1968	0.0744329	0.730742	0.0342628	0.888351
25.700	19.2965	0.0590737	0.736649	0.0425331	0.892604
25.800	19.3121	0.0508034	0.74173	0.0236295	0.894967
25.900	19.3019	0.0460775	0.746337	0.022448	0.897212
26.000	19.4531	0.067344	0.753072	0.0425331	0.901465
26.100	19.3726	0.0519849	0.75827	0.0271739	0.904182
26.200	19.3741	0.0484405	0.763114	0.0259924	0.906782
26.300	19.2559	0.0460775	0.767722	0.0259924	0.909381
26.400	19.0984	0.047259	0.772448	0.024811	0.911862
26.500	19.0175	0.0389887	0.776347	0.022448	0.914107
26.600	18.8875	0.0425331	0.7806	0.0330813	0.917415
26.700	18.719	0.0307183	0.783672	0.0212665	0.919542
26.800	18.7669	0.0437146	0.788043	0.0307183	0.922613
26.900	18.6628	0.0354442	0.791588	0.0189036	0.924504
27.000	18.7562	0.0496219	0.79655	0.0189036	0.926394
27.100	18.6928	0.0484405	0.801394	0.0307183	0.929466
27.200	18.7012	0.0508034	0.806474	0.0295369	0.93242
27.300	18.698	0.0437146	0.810846	0.0236295	0.934783
27.400	18.5645	0.0342628	0.814272	0.0200851	0.936791
27.500	18.5324	0.0354442	0.817817	0.0141777	0.938209
27.600	18.262	0.0389887	0.821716	0.0200851	0.940217
27.700	18.3798	0.0437146	0.826087	0.0236295	0.94258
27.800	18.239	0.0307183	0.829159	0.0153592	0.944116
27.900	18.1388	0.0366257	0.832821	0.0177221	0.945888
28.000	18.1466	0.0425331	0.837075	0.0118147	0.94707
28.100	18.137	0.0401701	0.841092	0.0259924	0.949669
28.200	18.0075	0.0236295	0.843455	0.0129962	0.950969
28.300	18.0124	0.0354442	0.846999	0.0141777	0.952387
28.400	17.8909	0.0318998	0.850189	0.0165406	0.954041
28.500	17.8082	0.0283554	0.853025	0.0094518	0.954986
28.600	17.792	0.0330813	0.856333	0.0106333	0.956049
28.700	17.6609	0.0189036	0.858223	0.00827032	0.956876
28.800	17.5607	0.0354442	0.861767	0.0118147	0.958058
28.900	17.5877	0.0354442	0.865312	0.0118147	0.959239
29.000	17.4833	0.0236295	0.867675	0.00827032	0.960066
29.100	17.3463	0.0283554	0.87051	0.00827032	0.960893
29.200	17.3461	0.0200851	0.872519	0.0106333	0.961957
29.300	17.2333	0.0212665	0.874646	0.00827032	0.962784
29.400	17.1511	0.0189036	0.876536	0.0189036	0.964674
29.500	16.9788	0.0189036	0.878426	0.0141777	0.966092
29.600	16.8292	0.024811	0.880907	0.0094518	0.967037
29.700	16.7687	0.0236295	0.88327	0.0118147	0.968218
29.800	16.6811	0.0153592	0.884806	0.00708885	0.968927
29.900	16.6686	0.0318998	0.887996	0.00827032	0.969754
30.000	16.573	0.0271739	0.890714	0.0129962	0.971054
30.100	16.463	0.0236295	0.893077	0.0118147	0.972235
30.200	16.3797	0.0153592	0.894612	0.0106333	0.973299
30.300	16.3729	0.0165406	0.896267	0.00708885	0.974008
30.400	16.427	0.0271739	0.898984	0.0129962	0.975307
30.500	16.3911	0.0200851	0.900992	0.00827032	0.976134
30.600	16.2251	0.0118147	0.902174	0.00118147	0.976252
30.700	16.1248	0.0153592	0.90371	0.00236295	0.976489
30.800	15.9666	0.0189036	0.9056	0.0106333	0.977552
30.900	15.8623	0.0153592	0.907136	0.00708885	0.978261
31.000	15.7635	0.0141777	0.908554	0.00354442	0.978615
31.100	15.676	0.022448	0.910799	0.0047259	0.979088
31.200	15.5596	0.0129962	0.912098	0.0118147	0.980269
31.300	15.4514	0.0118147	0.91328	0.00827032	0.981096
31.400	15.3677	0.0129962	0.914579	0.00236295	0.981333
31.500	15.3263	0.0177221	0.916352	0.00827032	0.98216
31.600	15.258	0.022448	0.918596	0.00708885	0.982869
31.700	15.1962	0.0212665	0.920723	0.00590737	0.983459
31.800	15.1236	0.0259924	0.923322	0.00827032	0.984286
31.900	15.1099	0.0153592	0.924858	0.00708885	0.984995
32.000	15.0256	0.0153592	0.926394	0.00590737	0.985586
32.100	14.8967	0.0165406	0.928048	0.00590737	0.986177
32.200	14.9403	0.022448	0.930293	0.00708885	0.986886
32.300	14.8483	0.0118147	0.931474	0	0.986886
32.400	14.6981	0.00708885	0.932183	0.00236295	0.987122
32.500	14.585	0.00827032	0.93301	0.00354442	0.987476
32.600	14.4171	0.0118147	0.934192	0	0.987476
32.700	14.3836	0.0118147	0.935373	0.0047259	0.987949
32.800	14.2185	0.00827032	0.9362	0.00354442	0.988303
32.900	14.1956	0.0141777	0.937618	0.00354442	0.988658
33.000	14.1593	0.0153592	0.939154	0.00236295	0.988894
33.100	14.1239	0.0141777	0.940572	0.00236295	0.98913
33.200	14.0343	0.00827032	0.941399	0.00236295	0.989367
33.300	13.9015	0.00827032	0.942226	0.00354442	0.989721
33.400	13.8442	0.0094518	0.943171	0.00236295	0.989957
33.500	13.7833	0.0106333	0.944234	0.00354442	0.990312
33.600	13.657	0.0106333	0.945298	0.00354442	0.990666
33.700	13.5752	0.0165406	0.946952	0.00354442	0.991021
33.800	13.4988	0.0118147	0.948133	0	0.991021
33.900	13.4756	0.0141777	0.949551	0.0047259	0.991493
34.000	13.3234	0.0094518	0.950496	0	0.991493
34.100	13.273	0.0047259	0.950969	0.00236295	0.99173
34.200	13.2589	0.0094518	0.951914	0.0047259	0.992202
34.300	13.1397	0.0118147	0.953095	0.00118147	0.99232
34.400	13.0588	0.00590737	0.953686	0	0.99232
34.500	12.9614	0.00590737	0.954277	0.00236295	0.992557
34.600	12.9308	0.0106333	0.95534	0.00118147	0.992675
34.700	12.8503	0.00708885	0.956049	0	0.992675
34.800	12.8084	0.00827032	0.956876	0.00354442	0.993029
34.900	12.7027	0.0047259	0.957349	0.00236295	0.993266
35.000	12.6393	0.0094518	0.958294	0	0.993266
35.100	12.5836	0.00708885	0.959003	0.00354442	0.99362
35.200	12.4801	0.00708885	0.959712	0.00236295	0.993856
35.300	12.4495	0.00827032	0.960539	0	0.993856
35.400	12.399	0.00827032	0.961366	0.00118147	0.993974
35.500	12.3829	0.0129962	0.962665	0.00354442	0.994329
35.600	12.3001	0.0094518	0.963611	0	0.994329
35.700	12.2495	0.0047259	0.964083	0.00236295	0.994565
35.800	12.1484	0.00827032	0.96491	0.00236295	0.994802
35.900	12.1062	0.00236295	0.965147	0.00118147	0.99492
36.000	12.0507	0.00354442	0.965501	0.00118147	0.995038
36.100	11.955	0.00236295	0.965737	0	0.995038
36.200	11.931	0.0094518	0.966682	0.00236295	0.995274
36.300	11.9148	0.00708885	0.967391	0	0.995274
36.400	11.8503	0.00236295	0.967628	0	0.995274
36.500	11.8272	0.00827032	0.968455	0.00118147	0.995392
36.600	11.7165	0.00708885	0.969164	0.00118147	0.99551
36.700	11.6357	0.00354442	0.969518	0.00118147	0.995629
36.800	11.592	0.0047259	0.969991	0.00236295	0.995865
36.900	11.4776	0.00236295	0.970227	0	0.995865
37.000	11.4106	0.0047259	0.970699	0.00236295	0.996101
37.100	11.3192	0.00590737	0.97129	0.00236295	0.996337
37.200	11.298	0.00708885	0.971999	0	0.996337
37.300	11.272	0.00590737	0.97259	0.00118147	0.996456
37.400	11.17	0.00590737	0.973181	0.00354442	0.99681
37.500	11.1043	0.00354442	0.973535	0	0.99681
37.600	11.0163	0.00590737	0.974126	0	0.99681
37.700	11.0356	0.00354442	0.97448	0	0.99681
37.800	10.9333	0.0047259	0.974953	0	0.99681
37.900	10.9212	0.00354442	0.975307	0.00118147	0.996928
38.000	10.8215	0.0047259	0.97578	0.00118147	0.997046
38.100	10.743	0.00236295	0.976016	0.00118147	0.997164
38.200	10.7249	0.00590737	0.976607	0.00236295	0.997401
38.300	10.6753	0.00118147	0.976725	0	0.997401
38.400	10.5896	0.00118147	0.976843	0	0.997401
38.500	10.5089	0.00354442	0.977198	0	0.997401
38.600	10.5026	0.0047259	0.97767	0	0.997401
38.700	10.4152	0.00590737	0.978261	0	0.997401
38.800	10.3927	0.00236295	0.978497	0	0.997401
38.900	10.3231	0.0047259	0.97897	0	0.997401
39.000	10.2384	0.00354442	0.979324	0	0.997401
39.100	10.1615	0	0.979324	0	0.997401
39.200	10.1423	0.00354442	0.979679	0	0.997401
39.300	10.1104	0.00590737	0.980269	0.00118147	0.997519
39.400	9.99407	0.0047259	0.980742	0	0.997519
39.500	9.96558	0.00590737	0.981333	0	0.997519
39.600	9.90902	0.00236295	0.981569	0	0.997519
39.700	9.83817	0.00236295	0.981805	0	0.997519
39.800	9.80104	0.00590737	0.982396	0.00118147	0.997637
39.900	9.69637	0	0.982396	0	0.997637
40.000	9.69525	0.00236295	0.982632	0	0.997637
40.100	9.67213	0.00236295	0.982869	0.00118147	0.997755
40.200	9.58203	0	0.982869	0	0.997755
40.300	9.50203	0.00236295	0.983105	0	0.997755
40.400	9.45065	0.00236295	0.983341	0.00118147	0.997873
40.500	9.45744	0.00236295	0.983578	0	0.997873
40.600	9.43523	0.00236295	0.983814	0	0.997873
40.700	9.3985	0.00236295	0.98405	0.00236295	0.99811
40.800	9.33428	0.00236295	0.984286	0.00236295	0.998346
40.900	9.31339	0.0047259	0.984759	0.00118147	0.998464
41.000	9.27082	0.0047259	0.985232	0	0.998464
41.100	9.20502	0.00118147	0.98535	0	0.998464
41.200	9.202	0.00354442	0.985704	0	0.998464
41.300	9.12856	0.00118147	0.985822	0	0.998464
41.400	9.08513	0.00236295	0.986059	0	0.998464
41.500	9.02212	0.00354442	0.986413	0.00236295	0.9987
41.600	8.99667	0.00354442	0.986767	0	0.9987
41.700	8.88029	0.00118147	0.986886	0	0.9987
41.800	8.83213	0.00236295	0.987122	0	0.9987
41.900	8.77498	0.00708885	0.987831	0	0.9987
42.000	8.69479	0.00118147	0.987949	0	0.9987
42.100	8.6598	0.00118147	0.988067	0	0.9987
42.200	8.61287	0.00236295	0.988303	0	0.9987
42.300	8.59226	0.00236295	0.98854	0	0.9987
42.400	8.52172	0	0.98854	0.00118147	0.998819
42.500	8.47696	0.00236295	0.988776	0	0.998819
42.600	8.42527	0.00118147	0.988894	0	0.998819
42.700	8.39265	0.00236295	0.98913	0	0.998819
42.800	8.33633	0.00354442	0.989485	0	0.998819
42.900	8.28837	0	0.989485	0	0.998819
43.000	8.25383	0.00236295	0.989721	0.00236295	0.999055
43.100	8.21614	0.00354442	0.990076	0.00118147	0.999173
43.200	8.15879	0	0.990076	0	0.999173
43.300	8.14292	0.00236295	0.990312	0	0.999173
43.400	8.09198	0.00118147	0.99043	0.00118147	0.999291
43.500	8.04397	0.00236295	0.990666	0	0.999291
43.600	7.99293	0.00118147	0.990784	0	0.999291
43.700	7.98793	0.00236295	0.991021	0	0.999291
43.800	7.92666	0.00118147	0.991139	0	0.999291
43.900	7.85752	0	0.991139	0	0.999291
44.000	7.84153	0	0.991139	0	0.999291
44.100	7.77068	0.00236295	0.991375	0	0.999291
44.200	7.71409	0.00118147	0.991493	0	0.999291
44.300	7.68531	0	0.991493	0.00118147	0.999409
44.400	7.63453	0	0.991493	0	0.999409
44.500	7.57893	0	0.991493	0.00118147	0.999527
44.600	7.51449	0.00118147	0.991612	0	0.999527
44.700	7.47239	0.00118147	0.99173	0	0.999527
44.800	7.43313	0.00118147	0.991848	0	0.999527
44.900	7.39873	0.00236295	0.992084	0	0.999527
45.000	7.37166	0.00118147	0.992202	0	0.999527
45.100	7.32324	0.00118147	0.99232	0.00118147	0.999646
45.200	7.29232	0.00236295	0.992557	0.00118147	0.999764
45.300	7.2487	0.00118147	0.992675	0	0.999764
45.400	7.20948	0.00236295	0.992911	0	0.999764
45.500	7.1838	0.00118147	0.993029	0	0.999764
45.600	7.14692	0	0.993029	0	0.999764
45.700	7.08493	0	0.993029	0	0.999764
45.800	7.04109	0	0.993029	0.00118147	0.999882
45.900	7.01643	0	0.993029	0	0.999882
46.000	6.97392	0	0.993029	0	0.999882
46.100	6.94615	0.00118147	0.993147	0	0.999882
46.200	6.93289	0.00354442	0.993502	0.00118147	1
46.300	6.88917	0.00118147	0.99362	0	1
46.400	6.85441	0.00118147	0.993738	0	1
46.500	6.80328	0	0.993738	0	1
46.600	6.76851	0	0.993738	0	1
46.700	6.72383	0	0.993738	0	1
46.800	6.6924	0.00118147	0.993856	0	1
46.900	6.64221	0	0.993856	0	1
47.000	6.61878	0.00236295	0.994093	0	1
47.100	6.58565	0	0.994093	0	1
47.200	6.53604	0.00118147	0.994211	0	1
47.300	6.51478	0.00236295	0.994447	0	1
47.400	6.47365	0.00118147	0.994565	0	1
47.500	6.42074	0	0.994565	0	1
47.600	6.40282	0.00236295	0.994802	0	1
47.700	6.38574	0.00118147	0.99492	0	1
47.800	6.33548	0	0.99492	0	1
47.900	6.29601	0	0.99492	0	1
48.000	6.2623	0	0.99492	0	1
48.100	6.25779	0.00236295	0.995156	0.00118147	1.00012
48.200	6.19769	0	0.995156	0	1.00012
48.300	6.16099	0	0.995156	0	1.00012
48.400	6.14523	0.00118147	0.995274	0	1.00012
48.500	6.11782	0	0.995274	0	1.00012
48.600	6.07285	0	0.995274	0	1.00012
48.700	6.04605	0	0.995274	0	1.00012
48.800	6.0125	0	0.995274	0	1.00012
48.900	5.98077	0.00118147	0.995392	0	1.00012
49.000	5.95746	0	0.995392	0	1.00012
49.100	5.92233	0.00236295	0.995629	0	1.00012
49.200	5.88747	0	0.995629	0	1.00012
49.300	5.84509	0.00118147	0.995747	0	1.00012
49.400	5.84742	0.00118147	0.995865	0	1.00012
49.500	5.83098	0.00236295	0.996101	0	1.00012
49.600	5.79507	0.00118147	0.996219	0	1.00012
49.700	5.75726	0	0.996219	0	1.00012
49.800	5.73298	0.00118147	0.996337	0	1.00012
49.900	5.67888	0.00118147	0.996456	0	1.00012
50.000	5.65865	0	0.996456	0	1.00012
50.100	5.63132	0	0.996456	0	1.00012
50.200	5.59381	0	0.996456	0	1.00012
50.300	5.55507	0	0.996456	0	1.00012
50.400	5.54397	0.00118147	0.996574	0	1.00012
50.500	5.51487	0.00118147	0.996692	0	1.00012
50.600	5.47146	0	0.996692	0	1.00012
50.700	5.44026	0	0.996692	0	1.00012
50.800	5.40804	0	0.996692	0	1.00012
50.900	5.37382	0	0.996692	0	1.00012
51.000	5.35631	0	0.996692	0	1.00012
51.100	5.31568	0	0.996692	0	1.00012
51.200	5.26718	0	0.996692	0	1.00012
51.300	5.24094	0.00118147	0.99681	0	1.00012
51.400	5.22382	0	0.99681	0	1.00012
51.500	5.19468	0.00118147	0.996928	0	1.00012
51.600	5.16488	0	0.996928	0	1.00012
51.700	5.14726	0	0.996928	0	1.00012
51.800	5.10489	0	0.996928	0	1.00012
51.900	5.06989	0	0.996928	0	1.00012
52.000	5.05168	0	0.996928	0	1.00012
52.100	5.01153	0	0.996928	0	1.00012
52.200	4.99453	0	0.996928	0	1.00012
52.300	4.97208	0	0.996928	0	1.00012
52.400	4.93932	0	0.996928	0	1.00012
52.500	4.91383	0	0.996928	0	1.00012
52.600	4.87583	0	0.996928	0	1.00012
52.700	4.86201	0.00118147	0.997046	0	1.00012
52.800	4.83752	0.00118147	0.997164	0	1.00012
52.900	4.81869	0	0.997164	0	1.00012
53.000	4.77321	0	0.997164	0	1.00012
53.100	4.7562	0	0.997164	0	1.00012
53.200	4.73175	0	0.997164	0	1.00012
53.300	4.71001	0.00236295	0.997401	0	1.00012
53.400	4.68353	0	0.997401	0	1.00012
53.500	4.65808	0	0.997401	0	1.00012
53.600	4.62348	0	0.997401	0	1.00012
53.700	4.60203	0.00118147	0.997519	0	1.00012
53.800	4.56775	0	0.997519	0	1.00012
53.900	4.5522	0	0.997519	0	1.00012
54.000	4.52281	0	0.997519	0	1.00012
54.100	4.48812	0	0.997519	0	1.00012
54.200	4.4702	0.00236295	0.997755	0	1.00012
54.300	4.43781	0	0.997755	0	1.00012
54.400	4.41086	0	0.997755	0	1.00012
54.500	4.38828	0	0.997755	0	1.00012
54.600	4.36473	0	0.997755	0	1.00012
54.700	4.33575	0	0.997755	0	1.00012
54.800	4.31795	0	0.997755	0	1.00012
54.900	4.28142	0	0.997755	0	1.00012
55.000	4.25641	0	0.997755	0	1.00012
55.100	4.25395	0.00118147	0.997873	0	1.00012
55.200	4.2349	0	0.997873	0	1.00012
55.300	4.21226	0	0.997873	0	1.00012
55.400	4.176	0	0.997873	0	1.00012
55.500	4.16285	0	0.997873	0	1.00012
55.600	4.14287	0.00118147	0.997991	0	1.00012
55.700	4.1103	0	0.997991	0	1.00012
55.800	4.09551	0	0.997991	0	1.00012
55.900	4.08592	0.00118147	0.99811	0	1.00012
56.000	4.03671	0.00236295	0.998346	0	1.00012
56.100	4.03398	0	0.998346	0	1.00012
56.200	4.01933	0	0.998346	0	1.00012
56.300	3.99695	0	0.998346	0	1.00012
56.400	3.95609	0	0.998346	0	1.00012
56.500	3.94895	0	0.998346	0	1.00012
56.600	3.92636	0.00118147	0.998464	0	1.00012
56.700	3.90322	0.00118147	0.998582	0	1.00012
56.800	3.86356	0	0.998582	0	1.00012
56.900	3.86355	0.00118147	0.9987	0	1.00012
57.000	3.83794	0	0.9987	0	1.00012
57.100	3.80513	0	0.9987	0	1.00012
57.200	3.80215	0	0.9987	0	1.00012
57.300	3.78011	0.00118147	0.998819	0	1.00012
57.400	3.77298	0.00118147	0.998937	0	1.00012
57.500	3.73668	0	0.998937	0	1.00012
57.600	3.71902	0	0.998937	0	1.00012
57.700	3.70088	0	0.998937	0	1.00012
57.800	3.6828	0	0.998937	0	1.00012
57.900	3.66265	0	0.998937	0	1.00012
58.000	3.64612	0	0.998937	0	1.00012
58.100	3.6245	0	0.998937	0	1.00012
58.200	3.59686	0	0.998937	0	1.00012
58.300	3.57226	0	0.998937	0	1.00012
58.400	3.5558	0	0.998937	0	1.00012
58.500	3.53134	0	0.998937	0	1.00012
58.600	3.51993	0	0.998937	0	1.00012
58.700	3.49891	0	0.998937	0	1.00012
58.800	3.46978	0	0.998937	0	1.00012
58.900	3.45873	0	0.998937	0	1.00012
59.000	3.43782	0	0.998937	0	1.00012
59.100	3.4145	0	0.998937	0	1.00012
59.200	3.39505	0	0.998937	0	1.00012
59.300	3.38113	0	0.998937	0	1.00012
59.400	3.35953	0	0.998937	0	1.00012
59.500	3.34888	0	0.998937	0	1.00012
59.600	3.32195	0	0.998937	0	1.00012
59.700	3.30842	0	0.998937	0	1.00012
59.800	3.27473	0	0.998937	0	1.00012
59.900	3.2697	0	0.998937	0	1.00012
60.000	3.25129	0	0.998937	0	1.00012
60.100	3.23082	0	0.998937	0	1.00012
60.200	3.2061	0	0.998937	0	1.00012
60.300	3.19459	0	0.998937	0	1.00012
60.400	3.16819	0	0.998937	0	1.00012
60.500	3.15157	0	0.998937	0	1.00012
60.600	3.14127	0	0.998937	0	1.00012
60.700	3.11629	0	0.998937	0	1.00012
60.800	3.09108	0	0.998937	0	1.00012
60.900	3.07818	0	0.998937	0	1.00012
61.000	3.06051	0	0.998937	0	1.00012
61.100	3.04479	0	0.998937	0	1.00012
61.200	3.03658	0	0.998937	0	1.00012
61.300	3.01665	0	0.998937	0	1.00012
61.400	2.99528	0	0.998937	0	1.00012
61.500	2.97743	0	0.998937	0	1.00012
61.600	2.96061	0	0.998937	0	1.00012
61.700	2.94873	0	0.998937	0	1.00012
61.800	2.92832	0	0.998937	0	1.00012
61.900	2.9141	0	0.998937	0	1.00012
62.000	2.89222	0	0.998937	0	1.00012
62.100	2.88273	0	0.998937	0	1.00012
62.200	2.8588	0	0.998937	0	1.00012
62.300	2.83798	0	0.998937	0	1.00012
62.400	2.82777	0	0.998937	0	1.00012
62.500	2.81014	0	0.998937	0	1.00012
62.600	2.79595	0	0.998937	0	1.00012
62.700	2.77974	0.00118147	0.999055	0	1.00012
62.800	2.7668	0	0.999055	0	1.00012
62.900	2.74072	0	0.999055	0	1.00012
63.000	2.7243	0	0.999055	0	1.00012
63.100	2.71615	0	0.999055	0	1.00012
63.200	2.69769	0	0.999055	0	1.00012
63.300	2.68426	0	0.999055	0	1.00012
63.400	2.67022	0	0.999055	0	1.00012
63.500	2.64887	0	0.999055	0	1.00012
63.600	2.63858	0	0.999055	0	1.00012
63.700	2.61597	0	0.999055	0	1.00012
63.800	2.60847	0	0.999055	0	1.00012
63.900	2.58775	0	0.999055	0	1.00012
64.000	2.5781	0	0.999055	0	1.00012
64.100	2.56914	0	0.999055	0	1.00012
64.200	2.55367	0	0.999055	0	1.00012
64.300	2.53786	0	0.999055	0	1.00012
64.400	2.52327	0	0.999055	0	1.00012
64.500	2.50591	0	0.999055	0	1.00012
64.600	2.48828	0	0.999055	0	1.00012
64.700	2.48021	0	0.999055	0	1.00012
64.800	2.47117	0	0.999055	0	1.00012
64.900	2.4536	0	0.999055	0	1.00012
65.000	2.43512	0	0.999055	0	1.00012
65.100	2.42417	0	0.999055	0	1.00012
65.200	2.41741	0	0.999055	0	1.00012
65.300	2.39804	0	0.999055	0	1.00012
65.400	2.3795	0	0.999055	0	1.00012
65.500	2.36754	0	0.999055	0	1.00012
65.600	2.35853	0	0.999055	0	1.00012
65.700	2.34789	0	0.999055	0	1.00012
65.800	2.33448	0	0.999055	0	1.00012
65.900	2.31937	0	0.999055	0	1.00012
66.000	2.30675	0	0.999055	0	1.00012
66.100	2.28969	0	0.999055	0	1.00012
66.200	2.27488	0	0.999055	0	1.00012
66.300	2.2625	0	0.999055	0	1.00012
66.400	2.25317	0.00118147	0.999173	0	1.00012
66.500	2.23897	0	0.999173	0	1.00012
66.600	2.22621	0	0.999173	0	1.00012
66.700	2.2128	0	0.999173	0	1.00012
66.800	2.20534	0	0.999173	0	1.00012
66.900	2.19858	0	0.999173	0	1.00012
67.000	2.18309	0	0.999173	0	1.00012
67.100	2.17262	0	0.999173	0	1.00012
67.200	2.16352	0	0.999173	0	1.00012
67.300	2.15129	0	0.999173	0	1.00012
67.400	2.13762	0	0.999173	0	1.00012
67.500	2.12981	0	0.999173	0	1.00012
67.600	2.11542	0	0.999173	0	1.00012
67.700	2.10605	0	0.999173	0	1.00012
67.800	2.08989	0	0.999173	0	1.00012
67.900	2.0834	0.00118147	0.999291	0	1.00012
68.000	2.06681	0	0.999291	0	1.00012
68.100	2.05565	0	0.999291	0	1.00012
68.200	2.04346	0	0.999291	0	1.00012
68.300	2.03535	0	0.999291	0	1.00012
68.400	2.02725	0	0.999291	0	1.00012
68.500	2.02197	0.00118147	0.999409	0	1.00012
68.600	2.00767	0	0.999409	0	1.00012
68.700	2.00178	0	0.999409	0	1.00012
68.800	1.98264	0	0.999409	0	1.00012
68.900	1.9768	0	0.999409	0	1.00012
69.000	1.9672	0.00118147	0.999527	0	1.00012
69.100	1.96084	0	0.999527	0	1.00012
69.200	1.95028	0	0.999527	0	1.00012
69.300	1.93432	0	0.999527	0	1.00012
69.400	1.92339	0	0.999527	0	1.00012
69.500	1.91657	0.00118147	0.999646	0	1.00012
69.600	1.90718	0	0.999646	0	1.00012
69.700	1.89943	0	0.999646	0	1.00012
69.800	1.88657	0	0.999646	0	1.00012
69.900	1.87377	0.00118147	0.999764	0	1.00012
70.000	1.86686	0	0.999764	0	1.00012
70.100	1.8572	0	0.999764	0	1.00012
70.200	1.84434	0	0.999764	0	1.00012
70.300	1.83142	0	0.999764	0	1.00012
70.400	1.82538	0	0.999764	0	1.00012
70.500	1.81678	0	0.999764	0	1.00012
70.600	1.80077	0	0.999764	0	1.00012
70.700	1.78927	0	0.999764	0	1.00012
70.800	1.78025	0	0.999764	0	1.00012
70.900	1.77025	0	0.999764	0	1.00012
71.000	1.75856	0	0.999764	0	1.00012
71.100	1.748	0	0.999764	0	1.00012
71.200	1.74067	0	0.999764	0	1.00012
71.300	1.73125	0	0.999764	0	1.00012
71.400	1.71862	0	0.999764	0	1.00012
71.500	1.71022	0	0.999764	0	1.00012
71.600	1.70141	0	0.999764	0	1.00012
71.700	1.68532	0	0.999764	0	1.00012
71.800	1.68502	0	0.999764	0	1.00012
71.900	1.67329	0	0.999764	0	1.00012
72.000	1.66666	0	0.999764	0	1.00012
72.100	1.65231	0	0.999764	0	1.00012
72.200	1.64802	0	0.999764	0	1.00012
72.300	1.63958	0	0.999764	0	1.00012
72.400	1.6291	0	0.999764	0	1.00012
72.500	1.62184	0	0.999764	0	1.00012
72.600	1.61068	0	0.999764	0	1.00012
72.700	1.60056	0	0.999764	0	1.00012
72.800	1.59358	0	0.999764	0	1.00012
72.900	1.58771	0	0.999764	0	1.00012
73.000	1.57333	0	0.999764	0	1.00012
73.100	1.56605	0	0.999764	0	1.00012
73.200	1.55346	0	0.999764	0	1.00012
73.300	1.5446	0	0.999764	0	1.00012
73.400	1.53949	0	0.999764	0	1.00012
73.500	1.53468	0	0.999764	0	1.00012
73.600	1.52279	0	0.999764	0	1.00012
73.700	1.51725	0	0.999764	0	1.00012
73.800	1.50748	0	0.999764	0	1.00012
73.900	1.49999	0	0.999764	0	1.00012
74.000	1.49055	0	0.999764	0	1.00012
74.100	1.48513	0	0.999764	0	1.00012
74.200	1.47435	0	0.999764	0	1.00012
74.300	1.4649	0	0.999764	0	1.00012
74.400	1.45463	0	0.999764	0	1.00012
74.500	1.44504	0	0.999764	0	1.00012
74.600	1.43489	0	0.999764	0	1.00012
74.700	1.42942	0	0.999764	0	1.00012
74.800	1.4199	0	0.999764	0	1.00012
74.900	1.41229	0	0.999764	0	1.00012
75.000	1.40381	0	0.999764	0	1.00012
75.100	1.39581	0	0.999764	0	1.00012
75.200	1.3903	0	0.999764	0	1.00012
75.300	1.38041	0	0.999764	0	1.00012
75.400	1.37241	0	0.999764	0	1.00012
75.500	1.36979	0.00118147	0.999882	0	1.00012
75.600	1.36127	0	0.999882	0	1.00012
75.700	1.3518	0	0.999882	0	1.00012
75.800	1.34047	0	0.999882	0	1.00012
75.900	1.33419	0	0.999882	0	1.00012
76.000	1.32391	0	0.999882	0	1.00012
76.100	1.31851	0	0.999882	0	1.00012
76.200	1.30947	0	0.999882	0	1.00012
76.300	1.30304	0	0.999882	0	1.00012
76.400	1.29676	0	0.999882	0	1.00012
76.500	1.28664	0	0.999882	0	1.00012
76.600	1.28185	0	0.999882	0	1.00012
76.700	1.2757	0	0.999882	0	1.00012
76.800	1.2683	0	0.999882	0	1.00012
76.900	1.26202	0	0.999882	0	1.00012
77.000	1.24741	0	0.999882	0	1.00012
77.100	1.24418	0	0.999882	0	1.00012
77.200	1.24066	0	0.999882	0	1.00012
77.300	1.23286	0	0.999882	0	1.00012
77.400	1.22486	0	0.999882	0	1.00012
77.500	1.22226	0	0.999882	0	1.00012
77.600	1.21032	0	0.999882	0	1.00012
77.700	1.20204	0	0.999882	0	1.00012
77.800	1.19764	0	0.999882	0	1.00012
77.900	1.1894	0	0.999882	0	1.00012
78.000	1.18256	0	0.999882	0	1.00012
78.100	1.1767	0	0.999882	0	1.00012
78.200	1.17529	0	0.999882	0	1.00012
78.300	1.16853	0	0.999882	0	1.00012
78.400	1.15904	0	0.999882	0	1.00012
78.500	1.15647	0	0.999882	0	1.00012
78.600	1.15366	0	0.999882	0	1.00012
78.700	1.14523	0	0.999882	0	1.00012
78.800	1.13942	0	0.999882	0	1.00012
78.900	1.13195	0	0.999882	0	1.00012
79.000	1.12971	0	0.999882	0	1.00012
79.100	1.12234	0	0.999882	0	1.00012
79.200	1.1199	0	0.999882	0	1.00012
79.300	1.11582	0	0.999882	0	1.00012
79.400	1.1082	0	0.999882	0	1.00012
79.500	1.10126	0	0.999882	0	1.00012
79.600	1.0934	0	0.999882	0	1.00012
79.700	1.08903	0	0.999882	0	1.00012
79.800	1.0855	0	0.999882	0	1.00012
79.900	1.08218	0	0.999882	0	1.00012
80.000	1.07813	0	0.999882	0	1.00012
80.100	1.0692	0	0.999882	0	1.00012
80.200	1.06109	0	0.999882	0	1.00012
80.300	1.05934	0	0.999882	0	1.00012
80.400	1.05478	0	0.999882	0	1.00012
80.500	1.0455	0	0.999882	0	1.00012
80.600	1.03975	0	0.999882	0	1.00012
80.700	1.03367	0	0.999882	0	1.00012
80.800	1.02838	0	0.999882	0	1.00012
80.900	1.0353	0.00118147	1	0	1.00012
81.000	1.02942	0	1	0	1.00012
81.100	1.02194	0	1	0	1.00012
81.200	1.02008	0	1	0	1.00012
81.300	1.01052	0	1	0	1.00012
81.400	1.00924	0	1	0	1.00012
81.500	1.00643	0	1	0	1.00012
81.600	1.00032	0	1	0	1.00012
81.700	0.993364	0	1	0	1.00012
81.800	0.990736	0	1	0	1.00012
81.900	0.984451	0	1	0	1.00012
82.000	0.980267	0	1	0	1.00012
82.100	0.975178	0	1	0	1.00012
82.200	0.971636	0	1	0	1.00012
82.300	0.965267	0	1	0	1.00012
82.400	0.960572	0	1	0	1.00012
82.500	0.959281	0	1	0	1.00012
82.600	0.95267	0	1	0	1.00012
82.700	0.947677	0	1	0	1.00012
82.800	0.942252	0	1	0	1.00012
82.900	0.933997	0	1	0	1.00012
83.000	0.929875	0	1	0	1.00012
83.100	0.924233	0	1	0	1.00012
83.200	0.920406	0	1	0	1.00012
83.300	0.911957	0	1	0	1.00012
83.400	0.912109	0	1	0	1.00012
83.500	0.906524	0	1	0	1.00012
83.600	0.901134	0	1	0	1.00012
83.700	0.89827	0	1	0	1.00012
83.800	0.891645	0	1	0	1.00012
83.900	0.889449	0	1	0	1.00012
84.000	0.883381	0	1	0	1.00012
84.100	0.881179	0	1	0	1.00012
84.200	0.873004	0	1	0	1.00012
84.300	0.864984	0	1	0	1.00012
84.400	0.859527	0	1	0	1.00012
84.500	0.852113	0	1	0	1.00012
84.600	0.848714	0	1	0	1.00012
84.700	0.841962	0	1	0	1.00012
84.800	0.837604	0	1	0	1.00012
84.900	0.831545	0	1	0	1.00012
85.000	0.826824	0	1	0	1.00012
85.100	0.822044	0	1	0	1.00012
85.200	0.818693	0	1	0	1.00012
85.300	0.814831	0	1	0	1.00012
85.400	0.81207	0	1	0	1.00012
85.500	0.80772	0	1	0	1.00012
85.600	0.80385	0	1	0	1.00012
85.700	0.801486	0	1	0	1.00012
85.800	0.794491	0	1	0	1.00012
85.900	0.791069	0	1	0	1.00012
86.000	0.789245	0	1	0	1.00012
86.100	0.786471	0	1	0	1.00012
86.200	0.784107	0	1	0	1.00012
86.300	0.779626	0	1	0	1.00012
86.400	0.779464	0	1	0	1.00012
86.500	0.774713	0	1	0	1.00012
86.600	0.770624	0	1	0	1.00012
86.700	0.76722	0	1	0	1.00012
86.800	0.760859	0	1	0	1.00012
86.900	0.759314	0	1	0	1.00012
87.000	0.754105	0	1	0	1.00012
87.100	0.748735	0	1	0	1.00012
87.200	0.745965	0	1	0	1.00012
87.300	0.742934	0	1	0	1.00012
87.400	0.738659	0	1	0	1.00012
87.500	0.736566	0	1	0	1.00012
87.600	0.734436	0	1	0	1.00012
87.700	0.72908	0	1	0	1.00012
87.800	0.725234	0	1	0	1.00012
87.900	0.721833	0	1	0	1.00012
88.000	0.719785	0	1	0	1.00012
88.100	0.717815	0	1	0	1.00012
88.200	0.713454	0	1	0	1.00012
88.300	0.711105	0	1	0	1.00012
88.400	0.707311	0	1	0	1.00012
88.500	0.703104	0	1	0	1.00012
88.600	0.701145	0	1	0	1.00012
88.700	0.700904	0	1	0	1.00012
88.800	0.696047	0	1	0	1.00012
88.900	0.692792	0	1	0	1.00012
89.000	0.689315	0	1	0	1.00012
89.100	0.684497	0	1	0	1.00012
89.200	0.680204	0	1	0	1.00012
89.300	0.674588	0	1	0	1.00012
89.400	0.673351	0	1	0	1.00012
89.500	0.670164	0	1	0	1.00012
89.600	0.667274	0	1	0	1.00012
89.700	0.664553	0	1	0	1.00012
89.800	0.660016	0	1	0	1.00012
89.900	0.656223	0	1	0	1.00012
90.000	0.652951	0	1	0	1.00012
90.100	0.651734	0	1	0	1.00012
90.200	0.646784	0	1	0	1.00012
90.300	0.643493	0	1	0	1.00012
90.400	0.641587	0	1	0	1.00012
90.500	0.637829	0	1	0	1.00012
90.600	0.637819	0	1	0	1.00012
90.700	0.633299	0	1	0	1.00012
90.800	0.632182	0	1	0	1.00012
90.900	0.629504	0	1	0	1.00012
91.000	0.625497	0	1	0	1.00012
91.100	0.62167	0	1	0	1.00012
91.200	0.621058	0	1	0	1.00012
91.300	0.618728	0	1	0	1.00012
91.400	0.616765	0	1	0	1.00012
91.500	0.613184	0	1	0	1.00012
91.600	0.611458	0	1	0	1.00012
91.700	0.608819	0	1	0	1.00012
91.800	0.606658	0	1	0	1.00012
91.900	0.603025	0	1	0	1.00012
92.000	0.601457	0	1	0	1.00012
92.100	0.597094	0	1	0	1.00012
92.200	0.595291	0	1	0	1.00012
92.300	0.591809	0	1	0	1.00012
92.400	0.589748	0	1	0	1.00012
92.500	0.586806	0	1	0	1.00012
92.600	0.582815	0	1	0	1.00012
92.700	0.580895	0	1	0	1.00012
92.800	0.577979	0	1	0	1.00012
92.900	0.577062	0	1	0	1.00012
93.000	0.573892	0	1	0	1.00012
93.100	0.571267	0	1	0	1.00012
93.200	0.568649	0	1	0	1.00012
93.300	0.564647	0	1	0	1.00012
93.400	0.563508	0	1	0	1.00012
93.500	0.562138	0	1	0	1.00012
93.600	0.559731	0	1	0	1.00012
93.700	0.558154	0	1	0	1.00012
93.800	0.555128	0	1	0	1.00012
93.900	0.555174	0	1	0	1.00012
94.000	0.551667	0	1	0	1.00012
94.100	0.550644	0	1	0	1.00012
94.200	0.547552	0	1	0	1.00012
94.300	0.545372	0	1	0	1.00012
94.400	0.543249	0	1	0	1.00012
94.500	0.541635	0	1	0	1.00012
94.600	0.537504	0	1	0	1.00012
94.700	0.534764	0	1	0	1.00012
94.800	0.531941	0	1	0	1.00012
94.900	0.529421	0	1	0	1.00012
95.000	0.527691	0	1	0	1.00012
95.100	0.525206	0	1	0	1.00012
95.200	0.524065	0	1	0	1.00012
95.300	0.521765	0	1	0	1.00012
95.400	0.519416	0	1	0	1.00012
95.500	0.518332	0	1	0	1.00012
95.600	0.515287	0	1	0	1.00012
95.700	0.513085	0	1	0	1.00012
95.800	0.511238	0	1	0	1.00012
95.900	0.508685	0	1	0	1.00012
96.000	0.505314	0	1	0	1.00012
96.100	0.503489	0	1	0	1.00012
96.200	0.501437	0	1	0	1.00012
96.300	0.500068	0	1	0	1.00012
96.400	0.498542	0	1	0	1.00012
96.500	0.49428	0	1	0	1.00012
96.600	0.494305	0	1	0	1.00012
96.700	0.492992	0	1	0	1.00012
96.800	0.489447	0	1	0	1.00012
96.900	0.487295	0	1	0	1.00012
97.000	0.485352	0	1	0	1.00012
97.100	0.483741	0	1	0	1.00012
97.200	0.48236	0	1	0	1.00012
97.300	0.479998	0	1	0	1.00012
97.400	0.477422	0	1	0	1.00012
97.500	0.475815	0	1	0	1.00012
97.600	0.473744	0	1	0	1.00012
97.700	0.469376	0	1	0	1.00012
97.800	0.468475	0	1	0	1.00012
97.900	0.466744	0	1	0	1.00012
98.000	0.46534	0	1	0	1.00012
98.100	0.462984	0	1	0	1.00012
98.200	0.461872	0	1	0	1.00012
98.300	0.460222	0	1	0	1.00012
98.400	0.458199	0	1	0	1.00012
98.500	0.456769	0	1	0	1.00012
98.600	0.45497	0	1	0	1.00012
98.700	0.451539	0	1	0	1.00012
98.800	0.449888	0	1	0	1.00012
98.900	0.448377	0	1	0	1.00012
99.000	0.446056	0	1	0	1.00012
99.100	0.444991	0	1	0	1.00012
99.200	0.44427	0	1	0	1.00012
99.300	0.440985	0	1	0	1.00012
99.400	0.441102	0	1	0	1.00012
99.500	0.438768	0	1	0	1.00012
99.600	0.438413	0	1	0	1.00012
99.700	0.436317	0	1	0	1.00012
99.800	0.43368	0	1	0	1.00012
99.900	0.432402	0	1	0	1.00012
100.000	0.430824	0	1	0	1.00012
100.100	0.428997	0	1	0	1.00012
100.200	0.427418	0	1	0	1.00012
100.300	0.425967	0	1	0	1.00012
100.400	0.424535	0	1	0	1.00012
100.500	0.422461	0	1	0	1.00012
100.600	0.419987	0	1	0	1.00012
100.700	0.418843	0	1	0	1.00012
100.800	0.417031	0	1	0	1.00012
100.900	0.415591	0	1	0	1.00012
101.000	0.415103	0	1	0	1.00012
101.100	0.412572	0	1	0	1.00012
101.200	0.410949	0	1	0	1.00012
101.300	0.408321	0	1	0	1.00012
101.400	0.407241	0	1	0	1.00012
101.500	0.405646	0	1	0	1.00012
101.600	0.403343	0	1	0	1.00012
101.700	0.40371	0	1	0	1.00012
101.800	0.401408	0	1	0	1.00012
101.900	0.399867	0	1	0	1.00012
102.000	0.399265	0	1	0	1.00012
102.100	0.396601	0	1	0	1.00012
102.200	0.395462	0	1	0	1.00012
102.300	0.393937	0	1	0	1.00012
102.400	0.392464	0	1	0	1.00012
102.500	0.390795	0	1	0	1.00012
102.600	0.388779	0	1	0	1.00012
102.700	0.388042	0	1	0	1.00012
102.800	0.386231	0	1	0	1.00012
102.900	0.383929	0	1	0	1.00012
